"TOA5","Meteo","CR1000","5773","CR1000.Std.12","CPU:METEO V3.1.CR1","62022","Half_Uur"
"TIMESTAMP","RECORD","S_Temp_1_Avg","S_Temp_2_Avg","Temp_CNR1_Avg","Temp_Cab_Avg","Temp_02_m_Avg","Temp_24_m_Avg","Temp_40_m_Avg","R_H_02_m_Avg","R_H_24_m_Avg","R_H_40_m_Avg","Total_Rad_Avg","Diffuse_Rad_Avg","Barometer_Avg","Solar_R_I_Avg","Solar_R_R_Avg","IR_R_I_Avg","IR_R_R_Avg","Solar_Net_Avg","IR_Net_Avg","Total_Net_Avg","Albedo_Avg","H_Flux_1_Avg","H_Flux_2_Avg","Solar_Rad_Avg","Net_Rad_Avg","H20_Depth_Avg","Wind_24_m_Avg","Wind_32_m_Avg","Wind_40_m_old_Avg","Wind_40_m","Wind_Dir_WVT","Wind_40_m_Max","Wind_40_m_TMx","Wet_Gr_NE_Hst","Wet_Gr_SW_Hst","Sun_Hours_Tot","T_Fall_1_Tot","T_Fall_2_Tot","Precipit_Tot","ETo","lfWet_(1)","lfWet_(2)","lfWet_(3)","Wet__Hst(1)","Wet__Hst(2)","Wet__Hst(3)"
"TS","RN","°c","°c","°c","°c","°c","°c","°c","% R.H.","% R.H.","% R.H.","µmol/m²s","µmol/m²s","mb","W/m²","W/m²","W/m²","W/m²","W/m²","W/m²","W/m²","%","W/m²","W/m²","W/m²","W/m²","cm","m/s","m/s","m/s","m/s","Deg","m/s","m/s","% Wet","% Wet","% Sun","mm","mm","mm","mm/s","%Wet","%Wet","%Wet","mV","mV","mV"
"","","Avg","Avg","Avg","Avg","Avg","Avg","Avg","Avg","Avg","Avg","Avg","Avg","Avg","Avg","Avg","Avg","Avg","Avg","Avg","Avg","Avg","Avg","Avg","Avg","Avg","Avg","Avg","Avg","Avg","WVc","WVc","Max","TMx","Hst,1,1.0000e+00,0.0000e+00,1.5000e+02","Hst,1,1.0000e+00,0.0000e+00,1.5000e+02","Tot","Tot","Tot","Tot","Smp","Smp","Smp","Smp","Hst,1,1.0000e+00,2.7400e+02,1.0000e+03","Hst,1,1.0000e+00,2.7400e+02,1.0000e+03","Hst,1,1.0000e+00,2.7400e+02,1.0000e+03"
"2011-01-11 15:00:00",1350,5.327,4.686,6.22,22.67,6.082,6.226,6.083,95.6,91,91.5,260.6,598.9,1004,16.04,0.602,340.2,344.9,15.44,-4.741,10.7,0.037,-3.522,-1.741,"NAN","NAN",-76.84,2.691,3.477,3.379,3.843,265.5,6.609,"2011-01-11 14:31:15",0,0,0.142,0,0,0,0.011,277.6,272.8,274.9,1,0,1
"2011-01-11 15:30:00",1351,5.274,4.737,6.257,22.77,6.057,6.26,6.108,95.9,91.2,91.2,262.5,566.2,1004,15.89,0.672,340.7,345.2,15.22,-4.584,10.63,0.041,-3.38,-1.54,"NAN","NAN",-77.34,2.026,2.78,2.897,3.27,268.1,5.453,"2011-01-11 15:19:45",0,0,0.142,0,0,0,0.011,277.3,272.8,274.9,1,0,1
"2011-01-11 16:00:00",1352,5.306,4.799,6.101,22.85,6.007,6.219,6.117,96.5,91.9,91.3,265.9,623.1,1005,6.926,0.432,341.5,345,6.494,-3.541,2.952,0.067,-3.194,-1.516,"NAN","NAN",-77.87,1.796,2.339,2.356,2.642,268.2,4.454,"2011-01-11 15:54:45",0.683,0.608,0.067,0,0,0,0.001,283.1,310.4,434.9,1,0.817,1
"2011-01-11 16:30:00",1353,5.286,4.818,5.96,22.83,5.998,6.087,5.96,98.2,94.8,92.4,260.9,632.1,1005,4.297,0.45,342.7,344.5,3.847,-1.778,2.068,0.109,-3.016,-1.429,"NAN","NAN",-78.44,2.284,3.024,2.921,3.316,266.7,5.59,"2011-01-11 16:16:45",1,1,0.092,0,0,0.128,0.001,285.1,418.5,414.4,1,1,1
"2011-01-11 17:00:00",1354,5.307,4.848,5.975,22.83,6.025,6.082,5.982,99.2,96.2,93.4,262,685.1,1006,1.429,0.273,343,344.6,1.156,-1.555,-0.399,0.175,-2.844,-1.365,"NAN","NAN",-79.02,2.448,3.488,3.531,3.984,270.4,6.957,"2011-01-11 16:50:00",1,1,0.075,0.161,0.079,0.128,0.001,283.8,376.1,388.4,1,1,1
"2011-01-11 17:30:00",1355,5.272,4.912,5.937,22.8,5.998,6.012,5.914,99.5,96.7,94.2,265.8,782.4,1007,0.074,0.096,342.3,344.4,-0.022,-2.098,-2.121,0,-2.65,-1.357,"NAN","NAN",-79.62,2.777,3.74,3.746,4.249,273.2,7.438,"2011-01-11 17:27:30",1,1,0.05,0.161,0.079,0.256,0.001,284.4,425.3,422.6,1,1,1
"2011-01-11 18:00:00",1356,5.352,4.956,5.615,22.82,5.727,5.717,5.474,99.5,96.5,95.5,259.4,742.9,1007,-0.022,0.133,338.8,343.2,-0.155,-4.392,-4.547,0,-2.503,-1.247,"NAN","NAN",-80.1,2.726,3.87,3.97,4.485,280.2,7.068,"2011-01-11 17:49:15",1,1,0.058,0.242,0.238,0.256,0.001,283.1,388.4,396.6,1,1,1
"2011-01-11 18:30:00",1357,5.358,4.972,5.404,22.82,5.497,5.48,5.248,99.6,97.8,95.7,253.9,719.7,1008,-0.037,0.144,338.2,342.3,-0.181,-4.067,-4.248,0,-2.307,-1.083,"NAN","NAN",-80.7,2.746,3.705,3.759,4.226,273.6,8.35,"2011-01-11 18:25:00",1,1,0.067,0.081,0.079,0,0.001,283.8,343.3,376.1,1,1,1
"2011-01-11 19:00:00",1358,5.345,5.04,5.129,22.79,5.262,5.198,4.959,99.4,98.4,96.1,247.9,649.8,1009,-0.273,0.162,338.2,341,-0.436,-2.889,-3.325,0,-2.17,-1.061,"NAN","NAN",-81.2,2.645,3.675,3.667,4.139,270.4,7.482,"2011-01-11 18:56:30",1,1,0.067,0.081,0,0.128,0.001,283.1,303.9,305,1,1,1
"2011-01-11 19:30:00",1359,5.349,5.055,5.016,22.79,5.132,5.076,4.857,99.5,98.7,96.3,245.5,713.6,1010,-0.148,0.214,338.6,340.3,-0.362,-1.754,-2.116,0,-2,-1.036,"NAN","NAN",-81.7,2.545,3.361,3.312,3.737,274.6,6.797,"2011-01-11 19:09:00",1,1,0.075,0,0,0,0.001,285.8,406.2,412.3,1,1,1
"2011-01-11 20:00:00",1360,5.378,5.075,5.04,22.76,5.151,5.077,4.886,99.8,99,96.4,244,654.3,1010,-0.011,0.188,338.5,340.4,-0.199,-1.835,-2.034,0,-1.908,-0.911,"NAN","NAN",-82.2,3.16,4.302,4.311,4.867,282.8,8.29,"2011-01-11 19:33:15",1,1,0.067,0.081,0.079,0.128,0.001,283.8,357.7,351.2,1,1,1
"2011-01-11 20:30:00",1361,5.423,5.138,5.059,22.78,5.18,5.113,4.907,99.7,98.8,96.4,246.1,629,1011,-0.048,0.133,336.2,340.6,-0.181,-4.389,-4.57,0,-1.743,-0.802,"NAN","NAN",-82.7,3.122,4.259,4.421,5.001,285.4,9.01,"2011-01-11 20:16:30",1,1,0.083,0,0.079,0,0.001,283.8,314.6,323.5,1,1,1
"2011-01-11 21:00:00",1362,5.448,5.179,4.998,22.74,5.122,5.04,4.796,99.1,98.2,96.7,246.6,586.8,1012,-0.34,0.126,333.2,340.3,-0.465,-7.004,-7.47,0.004,-1.665,-0.763,"NAN","NAN",-83.1,3.19,4.335,4.455,5.015,280.4,8.37,"2011-01-11 20:47:00",1,1,0.158,0,0,0,0,281.8,283.8,280.4,1,1,1
"2011-01-11 21:30:00",1363,5.388,5.177,5.001,22.75,5.09,5.052,4.761,98.3,97.4,97.1,247.1,605.5,1012,-0.391,0.166,333.6,340.1,-0.557,-6.564,-7.121,0.004,-1.593,-0.758,"NAN","NAN",-83.6,3.189,4.442,4.564,5.2,286.4,9.45,"2011-01-11 21:13:00",1,1,0.133,0.081,0,0,0,281.8,279.7,284.5,1,1,1
"2011-01-11 22:00:00",1364,5.457,5.213,4.835,22.74,5.05,5.022,4.694,98,96.9,97.4,255.7,681.6,1013,-0.436,0.044,332.6,339.9,-0.48,-7.286,-7.766,0.008,-1.495,-0.758,"NAN","NAN",-84.1,3.865,5.391,5.555,6.352,293.6,9.8,"2011-01-11 21:36:00",1,1,0.133,0,0,0,0,284.5,324.8,371.3,1,1,1
"2011-01-11 22:30:00",1365,5.45,5.239,4.665,22.72,4.886,4.887,4.403,96.7,95.3,98.2,260,809,1014,-0.96,0.033,327.8,339.2,-0.993,-11.41,-12.4,0.04,-1.413,-0.756,"NAN","NAN",-84.4,3.286,4.551,4.761,5.491,299.9,8.58,"2011-01-11 22:00:45",0.95,1,0.092,0,0,0,0,281.8,296.1,302.3,1,1,1
"2011-01-11 23:00:00",1366,5.47,5.24,4.488,22.73,4.673,4.667,4.181,94.7,93.7,96.7,260.5,864,1014,-0.886,-0.144,329.7,337.9,-0.742,-8.23,-8.97,0.111,-1.363,-0.753,"NAN","NAN",-84.6,3.099,4.244,4.247,4.924,304.2,8.53,"2011-01-11 22:43:30",0.492,1,0.092,0,0,0,0,284.5,439,414.4,1,1,1
"2011-01-11 23:30:00",1367,5.506,5.271,4.083,22.75,4.291,4.271,4.113,98.1,96.5,93.4,258.4,941,1015,-0.421,0.266,328.9,336.2,-0.687,-7.368,-8.05,0,-1.353,-0.742,"NAN","NAN",-84.8,2.532,3.392,3.454,3.961,294.8,6.442,"2011-01-11 23:03:15",1,1,0.05,0,0,0,0.001,283.1,330.3,322.1,1,1,1
"2011-01-12 00:00:00",1368,5.476,5.29,4.2,22.74,4.348,4.411,4.36,98.7,96.4,92.9,260.2,965,1015,-0.561,0.399,328.8,336.8,-0.96,-7.961,-8.92,0,-1.307,-0.738,"NAN","NAN",-84.9,2.501,3.525,3.673,4.223,296.3,6.304,"2011-01-11 23:57:30",1,1,0.017,0,0,0,0.001,282.4,290,281.8,1,1,1
"2011-01-12 00:30:00",1369,5.48,5.305,4.43,22.78,4.56,4.623,4.629,97.4,94.4,92.3,267,1028,1016,-0.919,0.469,327.4,337.6,-1.388,-10.2,-11.59,0.003,-1.259,-0.727,"NAN","NAN",-85,2.713,3.733,3.889,4.406,290.9,7.606,"2011-01-12 00:16:30",1,0.992,0.008,0,0,0,0.001,281.4,277.7,276.3,1,1,1
"2011-01-12 01:00:00",1370,5.521,5.319,4.506,22.8,4.598,4.648,4.668,96.2,92.7,91.3,266.8,967,1016,-0.853,0.498,326.3,337.8,-1.351,-11.57,-12.92,0,-1.227,-0.735,"NAN","NAN",-85.2,2.327,3.304,3.499,4.019,295,7.712,"2011-01-12 00:35:30",1,0.267,0.017,0.081,0,0,0.001,281.1,274.9,275.6,1,1,1
"2011-01-12 01:30:00",1371,5.511,5.315,4.56,22.82,4.485,4.701,4.771,96.2,90.2,89.8,269.1,974,1016,-1.019,0.425,324.2,337.9,-1.444,-13.65,-15.1,0.004,-1.216,-0.728,"NAN","NAN",-85.1,1.973,2.81,2.937,3.308,283.3,5.413,"2011-01-12 01:13:15",0.442,0.408,0.008,0,0,0,0.001,280,273.6,274.9,1,0.933,1
"2011-01-12 02:00:00",1372,5.524,5.325,4.506,22.8,4.37,4.563,4.626,96,89.1,88.1,263.2,857,1017,-0.868,0.174,323,337.5,-1.041,-14.46,-15.5,0.004,-1.214,-0.742,"NAN","NAN",-85.2,1.807,2.58,2.612,2.913,277.4,4.697,"2011-01-12 01:50:45",0,0,0.075,0,0,0,0.002,279.7,273.6,274.9,1,0,1
"2011-01-12 02:30:00",1373,5.533,5.345,4.441,22.82,4.189,4.483,4.564,96.6,87.7,86.9,263.8,958,1017,-0.557,0.044,322.6,337.2,-0.602,-14.58,-15.18,0.008,-1.212,-0.727,"NAN","NAN",-85.2,1.508,2.056,2.138,2.405,273.6,4.815,"2011-01-12 02:24:45",0,0.492,0.058,0,0,0,0.002,279,272.9,274.9,1,0,1
"2011-01-12 03:00:00",1374,5.523,5.334,4.396,22.82,4.309,4.562,4.451,95.5,87.8,86.9,251.8,790.4,1018,-0.461,0.059,320.5,337,-0.521,-16.55,-17.07,0,-1.211,-0.739,"NAN","NAN",-85.5,1.978,2.73,2.797,3.158,266.7,5.227,"2011-01-12 02:44:00",0,1,0.058,0,0,0,0.002,278.3,272.9,274.9,1,0,1
"2011-01-12 03:30:00",1375,5.567,5.369,4.272,22.87,4.187,4.418,4.289,95.3,87.7,87.3,250.6,841,1018,-0.498,-0.078,318.6,336.3,-0.421,-17.71,-18.13,0.038,-1.217,-0.744,"NAN","NAN",-85.6,1.749,2.417,2.393,2.706,264.6,4.657,"2011-01-12 03:03:00",0,1,0.033,0,0,0,0.002,278,272.9,274.9,1,0,1
"2011-01-12 04:00:00",1376,5.544,5.359,4.14,22.9,3.936,4.291,4.187,96.3,88,87.4,244.3,805,1019,-0.62,0.078,315.5,335.7,-0.698,-20.22,-20.91,0.032,-1.214,-0.754,"NAN","NAN",-85.5,1.553,2.186,2.194,2.475,271.7,4.317,"2011-01-12 03:59:15",0,1,0.025,0,0,0,0.002,277.7,272.9,274.9,1,0,1
"2011-01-12 04:30:00",1377,5.555,5.367,3.944,22.84,3.658,4.154,4.072,97.3,87.9,87.3,239.8,848,1019,-1.156,0.354,303.1,334.7,-1.51,-31.6,-33.11,0,-1.221,-0.751,"NAN","NAN",-85.2,1.102,1.454,1.417,1.635,259.4,2.96,"2011-01-12 04:21:30",0,1,0.025,0,0,0,0.001,277,272.9,274.9,1,0,1
"2011-01-12 05:00:00",1378,5.621,5.378,3.536,22.85,3.106,3.9,3.869,98,88.8,87.6,226,825,1018,-1.909,1.2,278.5,332.7,-3.109,-54.16,-57.27,0,-1.228,-0.757,"NAN","NAN",-84.9,1.129,1.5,1.404,1.687,240.8,3.273,"2011-01-12 04:37:30",0,1,0.042,0,0,0,0.001,277.7,272.9,274.9,1,0,1
"2011-01-12 05:30:00",1379,5.599,5.374,3.428,22.82,2.567,3.642,3.672,99.4,90.6,88.6,206.8,822,1018,-1.163,0.927,293.9,331.5,-2.09,-37.53,-39.62,0,-1.228,-0.758,"NAN","NAN",-84.7,1.206,1.676,1.565,1.948,224.1,3.031,"2011-01-12 05:07:30",0,1,0.042,0,0,0,0.001,277.7,272.9,275.3,1,0,1
"2011-01-12 06:00:00",1380,5.568,5.364,3.556,22.82,2.729,3.69,3.622,99.7,90.9,89.3,201.1,866,1018,-0.513,0.354,311.1,332.2,-0.868,-21.07,-21.94,0,-1.269,-0.758,"NAN","NAN",-84.3,1.455,1.95,2.038,2.387,211.5,3.806,"2011-01-12 05:58:30",0,1,0.017,0,0,0,0.001,276.3,272.9,274.9,1,0,1
"2011-01-12 06:30:00",1381,5.576,5.365,3.699,22.79,3.092,3.812,3.75,99.4,90.2,89.5,206.4,948,1018,-0.642,0.362,305.8,332.8,-1.004,-26.99,-27.99,0,-1.291,-0.77,"NAN","NAN",-84.1,1.405,1.999,2.157,2.518,211,3.703,"2011-01-12 06:08:15",0,1,0.017,0,0,0,0.001,276.3,272.9,275.3,1,0,1
"2011-01-12 07:00:00",1382,5.596,5.362,3.679,22.83,2.765,3.85,3.842,99.7,90.7,89.5,203.3,844,1018,-0.79,0.661,302.3,332.6,-1.451,-30.35,-31.8,0,-1.36,-0.79,"NAN","NAN",-83.8,1.356,2.068,2.278,2.585,199.6,3.72,"2011-01-12 06:52:45",0,1,0.008,0,0,0,0.001,275.6,272.9,274.9,1,0,1
"2011-01-12 07:30:00",1383,5.609,5.349,3.805,22.82,3.059,3.886,3.824,99.8,90.9,89.8,205.5,841,1017,-0.332,0.373,315.1,333.3,-0.705,-18.16,-18.86,0,-1.371,-0.839,"NAN","NAN",-83.5,1.409,2.08,2.206,2.506,189.9,3.734,"2011-01-12 07:20:30",0,1,0.033,0,0,0,0.001,275.6,272.9,274.9,1,0,1
"2011-01-12 08:00:00",1384,5.602,5.34,3.882,22.83,3.449,3.957,3.894,99.2,90.6,89.9,213.6,856,1017,-0.096,0.458,316.1,333.8,-0.554,-17.76,-18.32,0,-1.423,-0.886,"NAN","NAN",-83.1,1.994,2.807,2.997,3.375,190.5,5.2,"2011-01-12 07:49:30",0,1,0.033,0,0,0,0.001,274.9,272.9,274.9,1,0,1
"2011-01-12 08:30:00",1385,5.584,5.336,4.072,22.85,3.756,4.189,4.1,97,87.7,88.7,218.6,844,1017,-0.17,0.779,313.4,334.7,-0.949,-21.3,-22.25,0,-1.509,-0.936,"NAN","NAN",-82.8,2.116,3.101,3.241,3.657,192.8,5.804,"2011-01-12 08:30:00",0,1,0.025,0,0,0,0.001,274.9,273.6,274.9,1,0.358,1
"2011-01-12 09:00:00",1386,5.641,5.331,4.313,22.82,3.968,4.449,4.335,94.7,84.2,86.2,229.7,973,1017,1.794,0.857,320.7,335.9,0.938,-15.18,-14.25,0.274,-1.523,-0.992,"NAN","NAN",-82.6,2.847,3.783,3.934,4.397,193.8,6.831,"2011-01-12 08:54:00",0.217,0.725,0,0,0,0,0.002,276.3,303,294.1,1,0.375,1
"2011-01-12 09:30:00",1387,5.605,5.324,4.016,22.83,4.181,4.442,4.359,94.2,86,85.2,229.9,888,1016,8.24,2.256,326.4,336,5.988,-9.67,-3.683,0.297,-1.585,-1.031,"NAN","NAN",-82.5,3.069,4.222,4.416,5.035,202.6,8.2,"2011-01-12 09:06:00",1,1,0.033,0,0.079,0.256,0.002,282.4,436.3,401.4,1,1,1
"2011-01-12 10:00:00",1388,5.6,5.312,3.848,22.79,3.983,4.142,4.089,97.7,91.6,88,237.5,956,1016,16.88,2.075,327.9,335.1,14.81,-7.123,7.685,0.124,-1.643,-1.058,"NAN","NAN",-82.2,2.589,3.637,3.812,4.296,197.2,6.541,"2011-01-12 09:43:00",1,1,0.008,0.242,0.158,0.384,0.002,283.1,469.8,417.2,1,1,1
"2011-01-12 10:30:00",1389,5.585,5.319,3.955,22.79,4.103,4.151,3.974,98.7,93.9,91.1,240.6,984,1016,23.71,2.127,330.2,335.4,21.58,-5.257,16.33,0.092,-1.667,-1.061,"NAN","NAN",-82.1,2.632,3.771,3.865,4.362,193.5,8.29,"2011-01-12 10:03:00",1,1,0,0.322,0.317,0.384,0.011,283.1,423.7,426.1,1,1,1
"2011-01-12 11:00:00",1390,5.615,5.326,4.256,22.8,4.404,4.362,4.045,99.1,95.1,93.7,238.4,831,1015,39.69,3.024,333.1,336.9,36.67,-3.796,32.87,0.076,-1.669,-1.064,"NAN","NAN",-82,2.926,4.016,4.286,4.847,197.7,8.41,"2011-01-12 10:49:15",1,1,0.033,0.483,0.396,0.512,0.01,282.8,374.8,382.3,1,1,1
"2011-01-12 11:30:00",1391,5.633,5.327,4.421,22.77,4.607,4.547,4.141,99.1,95.2,94.7,251.9,881,1015,36.42,2.654,333.5,337.4,33.77,-3.889,29.88,0.073,-1.669,-1.094,"NAN","NAN",-81.9,3.68,4.872,4.832,5.496,200,9.81,"2011-01-12 11:03:15",1,1,0.008,0.322,0.317,0.384,0.008,285.2,417.2,404.2,1,1,1
"2011-01-12 12:00:00",1392,5.578,5.3,4.446,22.79,4.614,4.517,4.158,99.3,95.6,95.1,265,1003,1014,37.28,2.558,333.4,337.5,34.72,-4.134,30.59,0.069,-1.669,-1.266,"NAN","NAN",-81.9,3.443,4.604,4.785,5.378,197.2,8.91,"2011-01-12 11:47:00",1,0.975,0.017,0.805,0.713,0.896,0.008,284.5,411.7,418.5,1,1,1
"2011-01-12 12:30:00",1393,5.572,5.309,4.562,22.78,4.66,4.599,4.279,99.8,96.2,95.4,267.9,938,1014,40.9,2.795,334.6,338.1,38.11,-3.499,34.61,0.068,-1.671,-1.38,"NAN","NAN",-81.8,3.291,4.449,4.62,5.217,198.4,7.91,"2011-01-12 12:24:45",1,0.925,0.008,1.208,1.267,1.152,0.008,287.2,469.1,398.7,1,1,1
"2011-01-12 13:00:00",1394,5.597,5.329,4.801,22.79,4.887,4.81,4.529,99.8,96.8,95.8,275.8,897,1013,39.79,2.699,336.7,339.2,37.09,-2.465,34.63,0.068,-1.668,-1.35,"NAN","NAN",-81.5,3.287,4.591,4.717,5.354,198,9.18,"2011-01-12 12:31:45",1,1,0.008,0.483,0.554,0.256,0.008,287.6,411,422.6,1,1,1
"2011-01-12 13:30:00",1395,5.604,5.348,5.11,22.87,5.151,5.13,4.86,99.8,97.1,96.1,286.1,905,1013,22.55,1.621,338.7,340.6,20.93,-1.849,19.08,0.072,-1.668,-1.144,"NAN","NAN",-81.5,3.147,4.198,4.276,4.888,204.5,8.44,"2011-01-12 13:05:15",1,1,0.008,0.242,0.158,0.128,0.006,281.8,300.2,301.6,1,1,1
"2011-01-12 14:00:00",1396,5.64,5.368,5.589,22.87,5.605,5.6,5.348,99.8,97.2,96.3,291.5,810,1012,30.66,2.219,341.4,342.8,28.44,-1.402,27.04,0.072,-1.659,-1.06,"NAN","NAN",-81.5,3.541,4.789,4.73,5.444,213.2,9.18,"2011-01-12 13:53:45",1,1,0.075,0.081,0.158,0.128,0.007,284.2,318,333.7,1,1,1
"2011-01-12 14:30:00",1397,5.602,5.367,6.067,22.86,6.056,6.044,5.839,99.8,98.1,96.8,300.3,727.5,1012,28.91,2.067,343.6,345,26.85,-1.416,25.43,0.071,-1.572,-1.011,"NAN","NAN",-81.5,3.522,4.7,4.624,5.399,217.2,9.69,"2011-01-12 14:15:30",1,1,0.075,0.403,0.317,0.384,0.006,285.5,333.7,351.5,1,1,1
"2011-01-12 15:00:00",1398,5.615,5.373,6.407,22.83,6.389,6.386,6.175,99.7,98.5,98.1,317.2,905,1012,20.05,1.432,345.1,346.6,18.62,-1.481,17.14,0.072,-1.518,-0.867,"NAN","NAN",-81.7,3.611,4.783,4.574,5.376,219.9,9.55,"2011-01-12 14:45:45",1,1,0.05,0.081,0.158,0,0.004,285.2,344.7,392.5,1,1,1
"2011-01-12 15:30:00",1399,5.676,5.384,6.725,22.8,6.69,6.702,6.525,99.7,98.9,98.7,322.6,957,1011,12.94,0.916,347,348.1,12.03,-1.166,10.86,0.071,-1.435,-0.762,"NAN","NAN",-81.8,3.198,4.429,4.354,5.137,219.9,8.51,"2011-01-12 15:23:45",1,1,0.017,0.403,0.396,0.512,0.003,294.7,468.4,458.8,1,1,1
"2011-01-12 16:00:00",1400,5.607,5.41,7.019,22.82,6.983,6.992,6.812,99.7,99.2,98.8,334.3,901,1011,9.24,0.701,348.8,349.6,8.54,-0.794,7.749,0.076,-1.361,-0.385,"NAN","NAN",-82,3.069,3.875,3.679,4.402,229.6,8.8,"2011-01-12 15:58:00",1,0.65,0.017,2.014,1.979,1.792,0,300.2,429.4,488.2,1,1,1
"2011-01-12 16:30:00",1401,5.643,5.442,7.246,22.83,7.188,7.206,7.035,99.7,99.4,98.7,342,854,1011,7.35,0.587,350.2,350.7,6.763,-0.461,6.303,0.08,-1.259,0.138,"NAN","NAN",-82.1,2.734,3.582,3.27,3.898,229.9,6.727,"2011-01-12 16:00:15",1,0.725,0.042,0.886,0.95,0.64,0,292,366.5,392.5,1,1,1
"2011-01-12 17:00:00",1402,5.706,5.499,7.523,22.9,7.443,7.495,7.321,99.7,99.5,98.7,341.8,868,1011,2.444,0.358,351.9,352,2.086,-0.061,2.025,0.18,-1.151,0.072,"NAN","NAN",-82.2,2.838,3.707,3.551,4.211,225.4,7.224,"2011-01-12 16:33:00",1,1,0.025,0.242,0.317,0.128,0,294.7,389.7,404.8,1,1,1
"2011-01-12 17:30:00",1403,5.667,5.539,7.81,22.97,7.725,7.78,7.613,99.7,99.5,98.7,348.7,891,1011,0.421,0.214,353.5,353.4,0.207,0.1,0.306,0.028,-1.012,-0.039,"NAN","NAN",-82.2,2.94,3.74,3.448,4.146,227.1,7.696,"2011-01-12 17:20:15",1,1,0.017,0.161,0.158,0.128,0,290.6,399.3,422.6,1,1,1
"2011-01-12 18:00:00",1404,5.707,5.585,8.09,22.94,7.971,8.05,7.903,99.7,99.5,98.7,352.5,778.7,1011,0.21,0.185,355,354.7,0.026,0.254,0.279,0,-0.849,-0.087,"NAN","NAN",-82.1,2.567,3.458,3.354,3.997,223.9,6.533,"2011-01-12 17:32:15",1,1,0.033,0.322,0.317,0.256,0,291.3,386.3,402.7,1,1,1
"2011-01-12 18:30:00",1405,5.731,5.625,8.45,22.98,8.3,8.4,8.26,99.7,99.5,98.7,353.9,773.5,1011,0.233,0.185,356.5,356.5,0.048,-0.031,0.017,0,-0.694,-0.027,"NAN","NAN",-82,2.706,3.499,3.321,3.989,226.3,6.178,"2011-01-12 18:05:30",1,0.967,0.017,1.208,1.188,1.152,0,296.7,447.1,445.1,1,1,1
"2011-01-12 19:00:00",1406,5.738,5.648,8.83,23.04,8.63,8.77,8.64,99.7,99.5,98.7,354.3,791.2,1011,0.244,0.207,358.5,358.4,0.037,0.157,0.194,0.008,-0.606,0.304,"NAN","NAN",-81.9,2.464,3.213,3.031,3.626,234.1,6.112,"2011-01-12 18:38:30",1,1,0.025,0.644,0.713,0.512,0,297.4,431.4,447.8,1,1,1
"2011-01-12 19:30:00",1407,5.852,5.718,9.16,23.08,8.96,9.09,8.97,99.7,99.5,98.7,356.3,781,1011,0.21,0.199,359.8,360,0.011,-0.227,-0.216,0.008,-0.571,0.459,"NAN","NAN",-81.6,2.57,3.295,3.07,3.683,236.3,7.138,"2011-01-12 19:15:00",1,1,0.025,1.047,1.109,1.024,0,296,419.1,441.6,1,1,1
"2011-01-12 20:00:00",1408,5.862,5.769,9.44,23.12,9.28,9.37,9.25,99.7,99.5,98.7,362.1,803,1011,0.255,0.21,361.4,361.5,0.044,-0.107,-0.063,0.004,-0.38,0.767,"NAN","NAN",-81.4,2.556,3.426,3.145,3.786,234.3,6.705,"2011-01-12 19:44:30",1,1,0.033,1.128,1.188,0.896,0,294,437.5,426.6,1,1,1
"2011-01-12 20:30:00",1409,5.918,5.833,9.63,23.17,9.47,9.55,9.41,99.7,99.6,98.6,362.5,788.1,1011,0.229,0.162,362.1,362.5,0.066,-0.376,-0.31,0,-0.22,1.204,"NAN","NAN",-81.1,2.668,3.465,3.154,3.765,239,7.069,"2011-01-12 20:13:30",1,1,0,0.967,1.029,1.024,0,295.3,421.1,444.3,1,1,1
"2011-01-12 21:00:00",1410,5.997,5.912,9.74,23.18,9.58,9.65,9.52,99.7,99.6,98.6,363.1,893,1011,0.192,0.162,362.7,363.2,0.03,-0.43,-0.4,0,0.009,1.579,"NAN","NAN",-80.6,2.637,3.38,3.162,3.742,242.3,6.36,"2011-01-12 20:54:45",1,1,0,1.45,1.504,1.28,0,296.7,443.6,459.3,1,1,1
"2011-01-12 21:30:00",1411,6.107,6.017,9.83,23.21,9.68,9.74,9.6,99.7,99.6,98.6,364.9,858,1011,0.192,0.185,363.2,363.7,0.007,-0.483,-0.475,0,0.243,2.252,"NAN","NAN",-79.89,2.458,3.263,3.159,3.705,243.6,7.114,"2011-01-12 21:19:00",1,1,0.008,1.128,1.109,0.768,0,294.3,399.2,408.7,1,1,1
"2011-01-12 22:00:00",1412,6.236,6.133,9.9,23.21,9.78,9.8,9.67,99.7,99.7,98.6,363.3,898,1010,0.159,0.137,363.2,364,0.022,-0.816,-0.794,0,0.505,2.19,"NAN","NAN",-78.92,2.634,3.466,3.266,3.884,242.7,6.912,"2011-01-12 21:30:15",1,1,0,0.725,0.792,0.768,0,297.3,458.3,458,1,1,1
"2011-01-12 22:30:00",1413,6.21,6.195,9.98,23.21,9.86,9.88,9.76,99.7,99.7,98.6,364.8,865,1011,0.24,0.155,363.7,364.4,0.085,-0.771,-0.686,0.013,0.629,2.39,"NAN","NAN",-77.78,2.543,3.387,3.226,3.767,246.6,7.932,"2011-01-12 22:17:00",1,1,0,1.047,1.109,0.768,0,296,415.6,430.6,1,1,1
"2011-01-12 23:00:00",1414,6.226,6.271,10.11,23.18,10.03,10.02,9.87,99.7,99.7,98.6,362.2,889,1011,0.207,0.162,364.6,365.1,0.044,-0.465,-0.421,0,0.84,2.557,"NAN","NAN",-76.5,3.208,4.167,3.932,4.556,254,7.71,"2011-01-12 22:58:30",1,1,0.008,0.403,0.475,0.384,0,298.4,464.8,439.5,1,1,1
"2011-01-12 23:30:00",1415,6.19,6.338,10.15,23.2,10.11,10.06,9.93,99.7,99.7,98.6,361.1,810,1011,0.096,0.107,365,365.3,-0.011,-0.34,-0.351,0,1.091,2.353,"NAN","NAN",-75.11,2.982,4.124,3.905,4.483,260.5,8.45,"2011-01-12 23:13:15",1,1,0.05,0.403,0.396,0.256,0,298,441.6,402.6,1,1,1
"2011-01-13 00:00:00",1416,6.198,6.39,10.22,22.54,10.16,10.11,10,99.7,99.7,98.6,360.1,857,1011,0.125,0.096,365.3,365.7,0.03,-0.39,-0.36,0,1.325,2.154,"NAN","NAN",-73.65,2.916,3.93,3.879,4.451,259.9,7.856,"2011-01-12 23:57:30",1,1,0.008,0.242,0.396,0.128,0,298.7,386.9,410.1,1,1,1
"2011-01-13 00:30:00",1417,6.192,6.44,10.29,22.96,10.27,10.19,10.07,99.7,99.7,98.6,358.1,751.6,1011,0.103,0.085,365.4,366.1,0.018,-0.631,-0.613,0.004,1.527,2.108,"NAN","NAN",-72.3,3.288,4.286,4.078,4.706,259,8.28,"2011-01-13 00:05:45",1,1,0.042,0.483,0.396,0.384,0,299.4,438.8,432.7,1,1,1
"2011-01-13 01:00:00",1418,6.182,6.49,10.29,23.02,10.26,10.19,10.05,99.7,99.7,98.6,355.8,696,1011,0.151,0.1,365.2,366.1,0.052,-0.866,-0.814,0,1.693,2.098,"NAN","NAN",-71.02,2.818,3.857,3.742,4.28,259.3,6.978,"2011-01-13 00:46:30",1,1,0.042,0.242,0.317,0.128,0,296.7,391.3,405.3,1,1,1
"2011-01-13 01:30:00",1419,6.239,6.562,10.26,22.47,10.24,10.15,10.02,99.7,99.7,98.6,356.1,701.3,1011,0.085,0.089,365.3,365.9,-0.004,-0.586,-0.589,0,1.894,2.108,"NAN","NAN",-69.87,3.044,4.033,3.77,4.356,257.1,7.468,"2011-01-13 01:02:30",1,1,0.042,0.483,0.475,0.512,0,298.7,410.1,426.5,1,1,1
"2011-01-13 02:00:00",1420,6.224,6.589,10.22,23.22,10.21,10.11,9.99,99.7,99.7,98.6,352.2,817,1011,0.14,0.111,364.8,365.8,0.03,-1.007,-0.978,0,2.006,2.184,"NAN","NAN",-68.77,2.95,4.12,3.942,4.523,258.1,7.386,"2011-01-13 01:34:30",1,1,0.017,0.644,0.713,0.512,0,297.3,436.8,449.1,1,1,1
"2011-01-13 02:30:00",1421,6.275,6.618,10.28,23.21,10.23,10.17,10.05,99.7,99.7,98.6,355.2,710.4,1011,0.144,0.159,365,366.1,-0.015,-1.045,-1.06,0,2.211,2.501,"NAN","NAN",-67.71,2.509,3.388,3.203,3.727,250.9,6.836,"2011-01-13 02:10:00",1,1,0.05,0.483,0.475,0.256,0,294.6,400.5,408.7,1,1,1
"2011-01-13 03:00:00",1422,6.288,6.673,10.31,23.2,10.28,10.2,10.07,99.7,99.7,98.6,354.7,710,1011,0.129,0.103,365.1,366.2,0.026,-1.123,-1.097,0,2.312,2.596,"NAN","NAN",-66.97,2.545,3.463,3.376,3.881,254.1,7.532,"2011-01-13 02:32:45",1,1,0.025,0.322,0.317,0.256,0,292.5,475.1,401.2,1,1,1
"2011-01-13 03:30:00",1423,6.318,6.713,10.31,23.19,10.26,10.19,10.08,99.7,99.7,98.6,353.7,637.3,1011,0.17,0.133,365.2,366.2,0.037,-1.002,-0.965,0.004,2.492,2.528,"NAN","NAN",-66.33,2.723,3.57,3.562,4.127,254.3,7.535,"2011-01-13 03:15:15",1,1,0.05,0.242,0.317,0.256,0,291.9,386.2,414.2,1,1,1
"2011-01-13 04:00:00",1424,6.277,6.747,10.31,22.57,10.27,10.2,10.08,99.7,99.7,98.6,354,695.7,1011,0.055,0.133,365.5,366.2,-0.078,-0.728,-0.806,0,2.587,2.429,"NAN","NAN",-65.73,2.206,2.899,2.715,3.195,244,5.991,"2011-01-13 03:39:45",1,1,0.033,0.564,0.554,0.512,0,295.6,449.8,447,1,1,1
"2011-01-13 04:30:00",1425,6.401,6.823,10.26,22.85,10.21,10.15,10.02,99.7,99.7,98.7,352.4,748.5,1011,0.133,0.151,365,366,-0.018,-1.01,-1.028,0,2.692,2.6,"NAN","NAN",-65.16,2.42,3.156,2.877,3.432,239.9,6.191,"2011-01-13 04:22:45",1,0.992,0.017,1.289,1.346,1.152,0,296.7,399.9,449.8,1,1,1
"2011-01-13 05:00:00",1426,6.477,6.849,10.21,23.26,10.16,10.08,9.98,99.7,99.7,98.7,354.2,679,1011,0.122,0.096,364.8,365.8,0.026,-1.006,-0.98,0,2.811,3.119,"NAN","NAN",-64.62,2.475,3.207,2.98,3.529,242.5,5.932,"2011-01-13 04:46:30",1,1,0.025,0.967,0.95,0.768,0,297.3,422.4,449.8,1,1,1
"2011-01-13 05:30:00",1427,6.573,6.913,10.22,23.34,10.16,10.11,9.99,99.7,99.7,98.6,352.5,715.8,1010,0.196,0.188,365,365.9,0.007,-0.885,-0.877,0.013,2.888,3.503,"NAN","NAN",-64.11,2.457,3.469,3.12,3.679,245.2,6.327,"2011-01-13 05:29:15",1,1,0.042,1.047,1.109,0.896,0,296.7,408.1,423.8,1,1,1
"2011-01-13 06:00:00",1428,6.672,6.975,10.23,23.27,10.2,10.13,9.99,99.7,99.7,98.7,350.1,697.9,1010,0.321,0.295,364.5,366,0.026,-1.514,-1.489,0.008,3.001,3.858,"NAN","NAN",-63.58,2.889,3.67,3.289,3.911,248.6,7.235,"2011-01-13 05:53:30",1,1,0.042,0.967,1.029,0.896,0,292.9,386.9,400.5,1,1,1
"2011-01-13 06:30:00",1429,6.726,7.063,10.24,23.29,10.22,10.13,10.02,99.7,99.7,98.7,352.8,720.5,1010,0.21,0.203,365,366,0.007,-1.048,-1.041,0,3.162,3.924,"NAN","NAN",-63.04,2.474,3.396,3.174,3.744,248.7,7.289,"2011-01-13 06:04:30",1,1,0.025,0.725,0.792,0.64,0,291.9,401.9,419,1,1,1
"2011-01-13 07:00:00",1430,6.738,7.123,10.25,22.96,10.22,10.14,10.03,99.7,99.7,98.7,353.9,743.8,1010,0.214,0.192,364.9,366.1,0.022,-1.151,-1.129,0,3.23,3.825,"NAN","NAN",-62.49,2.664,3.325,3.151,3.697,244.2,6.633,"2011-01-13 06:47:45",1,1,0.05,0.564,0.554,0.384,0,293.9,391,417.6,1,1,1
"2011-01-13 07:30:00",1431,6.76,7.163,10.36,22.61,10.3,10.26,10.13,99.7,99.7,98.6,352,721.6,1010,0.192,0.203,365.7,366.6,-0.011,-0.831,-0.842,0,3.341,3.606,"NAN","NAN",-61.93,2.634,3.38,3.17,3.706,247.5,6.664,"2011-01-13 07:29:30",1,1,0.017,0.805,0.792,0.768,0,293.9,418.7,421.7,1,1,1
"2011-01-13 08:00:00",1432,6.773,7.195,10.45,23.27,10.4,10.35,10.23,99.7,99.7,98.6,353.6,788.5,1010,0.148,0.162,366,367,-0.015,-1.035,-1.05,0,3.459,3.961,"NAN","NAN",-61.37,2.511,3.242,3.061,3.598,250.4,6.726,"2011-01-13 07:58:15",1,1,0.008,1.208,1.188,1.024,0,297,411.5,426.5,1,1,1
"2011-01-13 08:30:00",1433,6.82,7.247,10.6,23.29,10.54,10.49,10.38,99.7,99.7,98.6,352.3,802,1010,0.229,0.166,366.8,367.8,0.063,-0.989,-0.926,0,3.486,4.492,"NAN","NAN",-60.81,2.735,3.715,3.559,4.13,249.1,7.798,"2011-01-13 08:04:00",1,1,0,0.564,0.713,0.512,0,298.4,424.5,465.5,1,1,1
"2011-01-13 09:00:00",1434,6.891,7.296,10.75,23.28,10.73,10.64,10.53,99.7,99.7,98.6,353.9,737.1,1010,1.336,0.262,367.5,368.6,1.074,-1.105,-0.031,0.141,3.529,4.277,"NAN","NAN",-60.21,3.084,3.896,3.609,4.207,248.4,7.955,"2011-01-13 08:46:15",1,1,0.017,0.725,0.713,0.512,0,291.9,361.6,408.1,1,1,1
"2011-01-13 09:30:00",1435,6.889,7.342,10.88,23.26,10.86,10.77,10.64,99.7,99.7,98.6,352.3,753.3,1010,6.215,0.587,368.2,369.3,5.628,-1.127,4.501,0.097,3.639,3.966,"NAN","NAN",-59.6,3.014,3.88,3.748,4.365,249.8,9.08,"2011-01-13 09:15:15",1,1,0.042,0.322,0.317,0.384,0,297.3,420.4,435.4,1,1,1
"2011-01-13 10:00:00",1436,6.868,7.364,10.99,23.24,10.98,10.87,10.75,99.7,99.7,98.6,351.2,711.7,1011,7.817,0.579,368.7,369.8,7.237,-1.149,6.088,0.074,3.748,3.634,"NAN","NAN",-59,3.119,4.137,3.978,4.598,249.7,9.69,"2011-01-13 09:56:45",1,1,0.05,0.242,0.475,0.128,0,292.5,333.6,375.3,1,1,1
"2011-01-13 10:30:00",1437,6.899,7.402,11.02,23.27,11.08,10.92,10.73,99.6,99.7,98.6,347.7,582.1,1011,14.7,1.144,368.6,370.2,13.56,-1.582,11.97,0.079,3.791,3.417,"NAN","NAN",-58.38,3.798,4.746,4.587,5.345,253.6,10.44,"2011-01-13 10:23:30",1,1,0.042,0.161,0.079,0.128,0.004,293.9,375.9,392.3,1,1,1
"2011-01-13 11:00:00",1438,6.854,7.422,11.04,23.23,11.13,10.96,10.78,99.4,99.6,98.6,346.5,555.5,1011,19.46,1.425,368.6,370.3,18.04,-1.662,16.37,0.073,3.793,3.174,"NAN","NAN",-57.8,3.333,4.392,4.212,4.904,254.3,10.37,"2011-01-13 10:42:00",1,1,0.108,0,0.158,0.128,0.004,288.4,324.7,342.4,1,1,1
"2011-01-13 11:30:00",1439,6.861,7.429,11.09,23.23,11.18,11.02,10.78,99.2,99.6,98.6,345.7,585.4,1011,24.04,1.694,369,370.5,22.35,-1.545,20.81,0.071,3.816,2.924,"NAN","NAN",-57.23,4.06,5.257,4.872,5.759,245.9,10.37,"2011-01-13 11:26:15",1,1,0.133,0.161,0.158,0.256,0.005,290.5,325.4,355.8,1,1,1
"2011-01-13 12:00:00",1440,6.875,7.477,11.06,23.19,11.15,10.99,10.77,99.3,99.6,98.6,344.9,466.8,1011,21.96,1.414,368.7,370.3,20.55,-1.571,18.97,0.064,3.865,2.875,"NAN","NAN",-56.68,3.291,4.39,4.296,5.017,246.9,9.55,"2011-01-13 11:55:00",1,1,0.175,0.081,0.079,0,0.004,289.8,317.2,347.9,1,1,1
"2011-01-13 12:30:00",1441,6.84,7.448,11.09,23.19,11.2,11.03,10.79,99,99.5,98.6,341,465.8,1011,17.92,1.24,368.9,370.5,16.68,-1.656,15.03,0.069,3.916,2.793,"NAN","NAN",-56.18,3.958,5.157,4.836,5.646,249.4,9.15,"2011-01-13 12:13:30",1,1,0.15,0.081,0.079,0,0.004,286.4,346.9,361.6,1,1,1
"2011-01-13 13:00:00",1442,6.885,7.498,11.15,23.14,11.25,11.05,10.84,99.1,99.6,98.6,339,431.5,1011,44.19,3.048,369.6,370.7,41.14,-1.104,40.04,0.069,3.968,2.596,"NAN","NAN",-55.75,3.529,4.638,4.34,5.11,246.9,8.71,"2011-01-13 12:57:45",1,1,0.242,0.081,0.079,0.128,0.007,294.6,364.3,378,1,1,1
"2011-01-13 13:30:00",1443,6.891,7.483,11.18,23.22,11.26,11.05,10.86,99.3,99.7,98.6,339.1,447.7,1011,48.52,3.274,369.4,370.8,45.24,-1.405,43.84,0.067,4.001,2.578,"NAN","NAN",-55.38,3.599,4.697,4.38,5.178,245.2,8.79,"2011-01-13 13:06:15",1,1,0.283,0.161,0.158,0.128,0.007,287.8,324,348.6,1,1,1
"2011-01-13 14:00:00",1444,6.871,7.493,11.21,23.21,11.31,11.11,10.88,99.1,99.6,98.6,337.8,441.4,1011,35.58,2.491,369.4,371.1,33.09,-1.742,31.35,0.069,4.042,2.577,"NAN","NAN",-55.04,3.655,4.634,4.364,5.113,248.3,9.6,"2011-01-13 13:32:30",1,1,0.308,0,0.079,0.128,0.006,282,283,283,1,1,1
"2011-01-13 14:30:00",1445,6.915,7.548,11.28,23.2,11.34,11.11,10.84,98.7,99.5,98.7,332.2,428.3,1011,25.72,2.07,369,371.2,23.65,-2.232,21.41,0.083,4.083,2.577,"NAN","NAN",-54.76,3.601,4.667,4.463,5.199,252.2,9.38,"2011-01-13 14:04:30",0.45,0.475,0.292,0.081,0,0,0.005,281.6,276.8,279.6,1,1,1
"2011-01-13 15:00:00",1446,6.87,7.524,11.24,23.18,11.25,11.06,10.81,98.6,99.5,98.7,334.8,428.6,1011,14.28,1.229,368.5,370.9,13.05,-2.376,10.68,0.086,4.088,2.577,"NAN","NAN",-54.52,3.236,4.339,4.154,4.769,258.7,9.13,"2011-01-13 14:56:30",0,0.492,0.267,0,0,0,0.003,280.9,276.1,277.5,1,1,1
"2011-01-13 15:30:00",1447,6.937,7.55,11.34,23.2,11.31,11.11,11.16,98.1,99.2,96.5,333.8,450.3,1012,13.84,0.771,368.2,370.9,13.06,-2.691,10.37,0.054,4.093,2.577,"NAN","NAN",-54.3,3.409,4.588,4.462,5.138,255,9.56,"2011-01-13 15:11:30",0,0,0.233,0,0,0,0.007,279.6,274.8,276.8,1,1,1
"2011-01-13 16:00:00",1448,6.894,7.546,11.47,23.19,11.36,11.18,11.39,97.6,98.9,95,330.5,419.5,1012,8.15,0,368.3,371.3,8.15,-3.059,5.09,0.011,4.093,2.577,"NAN","NAN",-54.12,3.194,4.328,4.23,4.87,259.2,8.95,"2011-01-13 15:50:45",0,0,0.283,0,0,0,0.001,278.2,274.1,276.8,1,1,1
"2011-01-13 16:30:00",1449,6.919,7.571,11.4,23.19,11.29,11.09,11.28,97.2,98.9,95.2,329.9,362,1012,4.13,-0.358,368.1,371.4,4.488,-3.237,1.251,0,4.099,2.577,"NAN","NAN",-53.94,3.603,4.752,4.595,5.251,263,9.37,"2011-01-13 16:07:45",0,0,0.375,0,0,0,0.001,276.8,274.8,276.8,1,1,1
"2011-01-13 17:00:00",1450,6.961,7.599,11.27,23.18,11.19,11.01,11.16,97.6,99.1,95.6,329.2,403.6,1012,1.281,-0.402,367.7,370.9,1.683,-3.182,-1.499,0,4.112,2.577,"NAN","NAN",-53.77,2.959,3.991,3.936,4.456,265.3,8.66,"2011-01-13 16:49:00",0,0,0.333,0,0,0,0.001,276.8,274.8,276.8,1,1,1
"2011-01-13 17:30:00",1451,6.995,7.616,11.27,23.3,11.17,10.98,11.13,97.4,99.1,95.6,326.7,423.5,1013,0.229,-0.443,367.5,370.8,0.672,-3.252,-2.581,0,4.126,2.572,"NAN","NAN",-53.64,2.763,3.763,3.6,4.083,257.4,7.797,"2011-01-13 17:23:45",0,0,0.292,0,0,0,0.001,276.1,274.1,276.8,1,1,1
"2011-01-13 18:00:00",1452,6.977,7.615,11.38,22.93,11.25,11.04,11.24,96.9,98.7,94.9,325.4,352.1,1013,0.229,-0.624,367.5,371.2,0.853,-3.735,-2.883,0,4.122,2.568,"NAN","NAN",-53.48,3.182,4.131,3.957,4.518,260.7,9.54,"2011-01-13 17:40:45",0,0,0.317,0,0,0,0.001,276.1,274.1,276.8,1,1,1
"2011-01-13 18:30:00",1453,6.966,7.623,11.42,22.53,11.23,11.05,11.25,96.6,98.7,94.9,325.6,408.7,1013,0.059,-0.753,367.6,371.2,0.812,-3.629,-2.817,0,4.1,2.539,"NAN","NAN",-53.36,2.511,3.324,3.26,3.73,260.1,8.31,"2011-01-13 18:07:30",0,0,0.267,0,0,0,0.001,276.1,274.1,276.8,1,1,1
"2011-01-13 19:00:00",1454,7.016,7.648,11.25,22.4,11.16,11.17,11.16,97.1,97.9,95.4,323.2,382.1,1013,-0.188,-0.351,367.5,370.9,0.162,-3.441,-3.278,0.013,4.094,2.472,"NAN","NAN",-53.26,2.712,3.432,3.173,3.671,252.3,6.961,"2011-01-13 18:39:00",0.05,0,0.392,0,0,0,0.001,276.8,279.6,283.7,1,1,1
"2011-01-13 19:30:00",1455,7.026,7.679,10.96,22.31,11.06,11.1,10.98,97.5,97.9,96,324.3,329.1,1013,-0.247,0.074,367.2,370.3,-0.321,-3.078,-3.399,0,4.093,2.389,"NAN","NAN",-53.14,2.606,3.388,3.175,3.757,243.8,6.994,"2011-01-13 19:14:45",1,0.967,0.358,0,0,0,0.001,278.9,293.2,319.9,1,1,1
"2011-01-13 20:00:00",1456,7.061,7.68,10.9,22.84,11,11.09,10.98,97.7,97.7,95.9,320.2,362.5,1013,-0.321,0.081,366.9,370,-0.402,-3.107,-3.51,0.004,4.092,2.315,"NAN","NAN",-53.09,2.695,3.396,3.145,3.697,245,6.209,"2011-01-13 19:41:45",1,1,0.325,0,0,0,0.001,287.1,459.3,423.8,1,1,1
"2011-01-13 20:30:00",1457,7.057,7.669,10.82,23.23,10.87,10.96,10.89,98.5,98.4,96.4,323.1,415.2,1013,-0.048,0.155,367.3,369.4,-0.203,-2.059,-2.262,0,4.085,2.291,"NAN","NAN",-52.97,2.488,3.414,3.238,3.83,244.8,8,"2011-01-13 20:06:15",1,1,0.242,0,0,0,0.001,283.7,345.5,301.4,1,1,1
"2011-01-13 21:00:00",1458,7.035,7.667,10.96,23.22,11,11.16,11.08,98,97.4,95.5,325.6,402.9,1013,-0.022,0.236,367.3,370.1,-0.258,-2.821,-3.079,0.004,4.055,2.275,"NAN","NAN",-52.94,3.023,3.843,3.539,4.193,243.6,6.771,"2011-01-13 20:57:30",1,1,0.333,0,0,0.128,0.001,283.7,438.8,454.2,1,1,1
"2011-01-13 21:30:00",1459,7.051,7.683,10.89,23.21,10.92,11.02,10.93,98.8,98.4,96.6,321.8,433.6,1013,0.111,0.321,367.3,369.6,-0.21,-2.326,-2.536,0,4.016,2.275,"NAN","NAN",-52.88,2.82,3.634,3.334,3.958,242.5,7.558,"2011-01-13 21:26:15",1,1,0.325,0.483,0.396,0.64,0.001,285,428.6,431.3,1,1,1
"2011-01-13 22:00:00",1460,7.128,7.697,10.97,23.26,10.97,11,10.85,99.3,99,97.9,322.9,390.3,1012,0.17,0.266,368,370,-0.096,-2.011,-2.107,0,3.974,2.274,"NAN","NAN",-52.81,2.676,3.459,3.217,3.831,237.3,6.645,"2011-01-13 21:33:45",1,1,0.258,0.886,0.713,0.896,0,285,384.8,401.9,1,1,1
"2011-01-13 22:30:00",1461,7.102,7.697,11.09,23.29,11.07,11.08,10.89,99.6,99.2,98.4,325.1,373.9,1012,0.129,0.317,368.9,370.6,-0.188,-1.677,-1.865,0.004,3.923,2.462,"NAN","NAN",-52.76,2.73,3.619,3.416,4.059,240.4,7.136,"2011-01-13 22:10:00",1,1,0.392,0.967,0.95,0.896,0,290.8,425.8,480.5,1,1,1
"2011-01-13 23:00:00",1462,7.241,7.698,11.29,23.31,11.23,11.28,11.07,99.7,99.2,98.6,325.1,352,1012,0.118,0.269,370.5,371.6,-0.151,-1.104,-1.255,0,3.901,2.878,"NAN","NAN",-52.73,3.055,3.982,3.76,4.482,242.1,7.783,"2011-01-13 22:51:00",1,1,0.383,0.403,0.475,0.256,0,289.8,367.7,416.3,1,1,1
"2011-01-13 23:30:00",1463,7.231,7.742,11.51,23.19,11.5,11.52,11.27,99.5,98.9,98.6,328.1,363.9,1012,0.233,0.34,371.4,372.8,-0.107,-1.356,-1.463,0.008,3.954,2.88,"NAN","NAN",-52.69,3.277,4.304,4.166,4.908,241,10.38,"2011-01-13 23:24:30",1,1,0.4,0.322,0.317,0.256,0,287.1,374.6,417.6,1,1,1
"2011-01-14 00:00:00",1464,7.211,7.749,11.66,22.75,11.74,11.67,11.41,99,99,98.6,329.1,261.5,1012,0.321,0.376,372.1,373.8,-0.055,-1.69,-1.746,0.021,4.02,2.88,"NAN","NAN",-52.62,3.533,4.52,4.164,4.923,240.5,9.03,"2011-01-13 23:33:30",1,1,0.425,0.322,0.317,0.256,0,285,323.3,333.6,1,1,1
"2011-01-14 00:30:00",1465,7.249,7.809,11.82,22.56,11.82,11.78,11.46,98.8,98.7,98.5,330.8,162.3,1012,0.336,0.247,372.5,374.4,0.089,-1.925,-1.837,0.021,4.084,2.876,"NAN","NAN",-52.56,3.678,4.874,4.591,5.436,243.3,8.65,"2011-01-14 00:00:45",1,1,0.342,0.081,0.079,0,0,281.6,278.2,282.3,1,1,1
"2011-01-14 01:00:00",1466,7.242,7.839,11.92,22.47,11.94,11.83,11.49,98.1,98.4,98.5,328.2,137.7,1012,0.376,0.365,371.7,374.8,0.011,-3.031,-3.02,0.029,4.093,2.787,"NAN","NAN",-52.5,4.185,5.457,5.148,6.088,247.1,9.59,"2011-01-14 01:00:00",0.917,0.6,0.35,0,0.079,0,0,280.9,276.8,279.6,1,1,1
"2011-01-14 01:30:00",1467,7.274,7.861,12.03,22.43,12.03,11.88,11.75,97.2,98,96.9,326.6,277,1012,0.609,0.162,371.6,375,0.447,-3.425,-2.979,0.092,4.093,2.605,"NAN","NAN",-52.38,4.185,5.643,5.358,6.23,251.4,10.54,"2011-01-14 01:10:30",0.125,0,0.375,0,0,0.128,0.001,279.6,274.8,276.8,1,1,1
"2011-01-14 02:00:00",1468,7.246,7.848,12.26,22.39,12.05,11.96,12.29,96.5,97.8,93.4,322.1,292.8,1012,0.255,-0.469,370.5,375.3,0.723,-4.823,-4.1,0,4.098,2.578,"NAN","NAN",-52.33,3.498,4.657,4.357,5.08,250.5,9.9,"2011-01-14 01:55:45",0,0,0.308,0,0,0,0.002,278.2,274.1,276.1,1,1,1
"2011-01-14 02:30:00",1469,7.287,7.892,12.54,22.37,12.17,12.13,12.5,94.5,95.6,91.3,322.6,292.3,1012,-0.207,-0.956,369.3,376.3,0.749,-6.998,-6.248,0,4.121,2.577,"NAN","NAN",-52.22,4.093,5.212,4.854,5.699,247.9,9.85,"2011-01-14 02:05:30",0,0,0.333,0,0,0,0.002,275.5,274.1,276.1,1,0.983,1
"2011-01-14 03:00:00",1470,7.27,7.902,12.7,22.34,12.19,12.14,12.61,92.3,90.5,89.5,318.6,223.7,1013,-0.303,-1.008,367.2,376.6,0.705,-9.35,-8.64,0,4.164,2.577,"NAN","NAN",-52.16,3.447,4.71,4.566,5.304,254.5,9.44,"2011-01-14 02:32:45",0,0,0.308,0,0,0,0.003,274.8,273.4,276.1,1,0.533,1
"2011-01-14 03:30:00",1471,7.289,7.9,12.6,22.36,12.07,12.06,12.5,91.4,86.9,89,317.2,162.5,1013,-0.62,-0.738,362.9,376.2,0.118,-13.28,-13.16,0.112,4.213,2.577,"NAN","NAN",-52.01,3.367,4.479,4.157,4.912,238.8,9.22,"2011-01-14 03:12:45",0.15,0,0.308,0,0,0,0.003,274.8,278.9,283.7,1,0.392,1
"2011-01-14 04:00:00",1472,7.293,7.897,11.93,22.38,11.83,12.07,12.26,92.1,86,89.9,312.6,117.6,1013,-0.878,1.521,362.3,375,-2.399,-12.7,-15.1,0,4.229,2.572,"NAN","NAN",-51.93,3.225,4.065,3.738,4.496,234,8.56,"2011-01-14 03:35:15",1,0.992,0.3,0,0,0,0.002,278.9,287.1,334.9,1,1,1
"2011-01-14 04:30:00",1473,7.298,7.908,12.21,22.4,11.91,12.34,12.26,91.2,84.5,92.2,310,90.6,1012,-0.945,1.31,356.6,375.3,-2.255,-18.68,-20.94,0,4.247,2.573,"NAN","NAN",-51.8,3.504,4.484,4.204,5.006,229.6,9.35,"2011-01-14 04:21:45",0,0.975,0.25,0,0,0,0.002,275.5,273.4,298.7,1,0.75,1
"2011-01-14 05:00:00",1474,7.362,7.932,12.35,22.37,12.03,12.36,12.26,89.7,83.7,96.7,310.9,87.9,1012,-0.506,0.554,363.2,375.5,-1.059,-12.36,-13.41,0.004,4.242,2.566,"NAN","NAN",-51.69,4.36,5.526,5.084,6.09,225.9,9.87,"2011-01-14 04:49:00",0,0,0.25,0,0,0,0.001,274.8,273.4,282.3,1,0,1
"2011-01-14 05:30:00",1475,7.349,7.94,12.3,22.33,11.9,12.23,12.12,88.5,82.3,94.3,309.7,136.3,1012,-0.384,0.303,362.8,374.8,-0.686,-12.01,-12.69,0.003,4.234,2.524,"NAN","NAN",-51.59,4.166,5.424,5.177,6.158,225,11.78,"2011-01-14 05:14:30",0,0,0.342,0,0,0,0.001,274.1,273.4,276.1,1,0,1
"2011-01-14 06:00:00",1476,7.387,7.949,12.11,22.26,11.74,12.04,11.92,86.7,80.8,84,307.4,140.3,1012,-0.34,0.214,362.6,373.9,-0.554,-11.24,-11.79,0,4.208,2.467,"NAN","NAN",-51.53,4.054,5.276,4.815,5.749,227.8,10.38,"2011-01-14 05:41:00",0,0,0.35,0,0,0,0.004,273.8,272.7,275.1,0.992,0,1
"2011-01-14 06:30:00",1477,7.313,7.938,11.89,22.28,11.55,11.82,11.69,86.1,80.7,82.1,308.1,152.2,1012,-0.299,0.262,361.9,372.9,-0.561,-10.98,-11.54,0,4.166,2.439,"NAN","NAN",-51.43,4.429,5.76,5.266,6.294,230.5,11.81,"2011-01-14 06:24:45",0,0,0.342,0,0,0,0.004,273.4,272.7,274.8,0.458,0,1
"2011-01-14 07:00:00",1478,7.384,7.962,11.69,23.23,11.36,11.64,11.51,85.8,80,80.9,303.7,141.5,1012,-0.369,0.258,360.3,371.9,-0.627,-11.67,-12.29,0,4.129,2.379,"NAN","NAN",-51.37,3.952,5.049,4.715,5.601,227.6,9.87,"2011-01-14 06:32:45",0,0,0.242,0,0,0,0.005,273.4,272.7,274.8,0,0,1
"2011-01-14 07:30:00",1479,7.339,7.95,11.57,23.23,11.3,11.51,11.38,84.2,79.14,79.79,305.5,189.8,1012,-0.317,0.284,360,371.3,-0.602,-11.34,-11.94,0,4.095,2.333,"NAN","NAN",-51.31,4.296,5.421,4.993,5.961,227.4,11.91,"2011-01-14 07:07:45",0,0,0.342,0,0,0,0.005,273.4,272.7,274.8,0,0,1
"2011-01-14 08:00:00",1480,7.379,7.964,11.23,23.24,10.98,11.17,11.03,86,81.4,81.9,302,187.2,1012,-0.417,0.185,359.6,369.9,-0.602,-10.33,-10.93,0.004,4.093,2.288,"NAN","NAN",-51.24,4.183,5.328,4.999,5.979,226.6,9.82,"2011-01-14 07:52:45",0,0,0.375,0,0,0,0.004,273.4,272.7,274.8,0,0,1
"2011-01-14 08:30:00",1481,7.412,7.974,10.96,23.28,10.86,11.01,10.86,86.5,82.2,82.7,313,200.8,1012,-0.369,0.443,359.4,369.3,-0.812,-9.88,-10.7,0,4.078,2.274,"NAN","NAN",-51.21,4.611,6.093,5.5,6.572,226.7,13.07,"2011-01-14 08:08:15",0,0,0.35,0,0,0,0.004,273.4,272.7,274.8,0,0,1
"2011-01-14 09:00:00",1482,7.43,7.969,10.73,23.19,10.74,10.84,10.68,87,83.1,83.7,333.3,377.6,1013,2.074,0.694,359.1,368.7,1.38,-9.57,-8.19,0.186,3.998,2.274,"NAN","NAN",-51.17,4.674,6.072,5.602,6.713,226.6,12.94,"2011-01-14 08:43:30",0,0,0.267,0,0,0,0.004,273.4,272.7,274.8,0,0,1
"2011-01-14 09:30:00",1483,7.439,7.965,10.44,23.15,10.46,10.46,10.29,89.3,86.4,87,333.2,325.3,1013,8.85,0.875,358.7,367.3,7.979,-8.57,-0.586,0.098,3.92,2.267,"NAN","NAN",-51.15,4.314,5.622,5.184,6.217,226.7,10.8,"2011-01-14 09:18:15",0,0,0.375,0,0,0,0.003,274.1,273.4,275.5,0.242,0,1
"2011-01-14 10:00:00",1484,7.447,7.96,10.05,22.62,10.34,10.31,10.16,91.2,88.7,88.8,324.1,322.3,1013,14.86,1.786,358.9,366.8,13.07,-7.853,5.219,0.121,3.821,2.238,"NAN","NAN",-51.15,4.102,5.371,4.884,5.894,227.2,9.95,"2011-01-14 09:37:30",0.483,0,0.333,0,0,0,0.003,274.8,275.5,279.6,0.917,0.575,1
"2011-01-14 10:30:00",1485,7.418,7.95,10.54,22.25,10.64,10.78,10.65,89.5,84.9,84.9,325.7,302.8,1013,19.84,2.864,359.5,368.5,16.98,-9.01,7.967,0.149,3.79,2.145,"NAN","NAN",-51.1,3.298,4.479,4.311,5.106,232.1,12.92,"2011-01-14 10:21:15",0.367,0,0.308,0,0,0,0.004,273.4,272.7,274.8,0.325,0.142,1
"2011-01-14 11:00:00",1486,7.464,7.944,11.02,22.85,10.89,11.02,10.88,87.1,82.6,83,326,388.3,1013,25.37,2.288,359.8,369.3,23.08,-9.55,13.52,0.09,3.73,2.051,"NAN","NAN",-51.06,3.599,4.742,4.372,5.202,231.4,8.82,"2011-01-14 10:56:30",0,0,0.283,0,0,0,0.03,273.4,272.7,274.8,0,0,1
"2011-01-14 11:30:00",1487,7.432,7.955,11.12,22.88,10.94,11,10.83,87,83.2,83.7,323.8,441.6,1013,40.64,3.13,360,369.5,37.51,-9.59,27.92,0.077,3.629,1.988,"NAN","NAN",-51.05,4.306,5.744,5.383,6.41,227.5,11.22,"2011-01-14 11:16:45",0,0,0.217,0,0,0,0.032,273.4,272.7,274.8,0,0,1
"2011-01-14 12:00:00",1488,7.436,7.952,11.03,22.73,10.89,10.89,10.69,88.4,85.4,85.7,322.5,428.2,1013,50.75,3.812,360.2,369.3,46.93,-9.12,37.81,0.075,3.553,1.973,"NAN","NAN",-51.04,3.884,4.974,4.741,5.678,226.3,10.51,"2011-01-14 11:30:15",0,0,0.275,0,0,0,0.028,273.4,272.7,274.8,0,0,1
"2011-01-14 12:30:00",1489,7.451,7.951,11.07,23.24,10.98,10.95,10.77,88.2,85,85.5,325.2,381.7,1013,47.43,3.547,360.3,369.8,43.89,-9.44,34.45,0.075,3.489,1.971,"NAN","NAN",-51.03,4.51,5.679,5.31,6.292,223.2,11.99,"2011-01-14 12:04:00",0,0,0.3,0,0,0,0.029,273.4,272.7,274.8,0,0,1
"2011-01-14 13:00:00",1490,7.45,7.938,10.32,23.99,10.58,10.44,10.27,91.2,89.2,89.6,320.3,327.8,1013,52.44,4.093,360.4,367.9,48.34,-7.462,40.88,0.078,3.484,1.971,"NAN","NAN",-50.99,3.813,5.015,4.673,5.582,220.8,10.85,"2011-01-14 12:55:30",0.667,0.592,0.292,0,0,0,0.022,281.6,369.8,406,0.675,0.7,1
"2011-01-14 13:30:00",1491,7.433,7.935,10.3,23.67,10.65,10.66,10.5,91,87.3,87,314.7,343.5,1012,55.9,4.643,359.2,368.5,51.26,-9.29,41.97,0.083,3.481,1.971,"NAN","NAN",-50.94,4.165,5.514,5.248,6.223,221.7,10.38,"2011-01-14 13:07:30",0.442,0.608,0.3,0,0,0,0.027,274.8,308.3,302.1,1,1,1
"2011-01-14 14:00:00",1492,7.479,7.958,10.81,23.62,10.99,11,10.82,87.6,83.8,84.3,311.9,299.1,1012,38.99,2.428,360.1,370.1,36.56,-9.97,26.59,0.06,3.466,1.971,"NAN","NAN",-50.96,4.526,5.656,5.144,6.197,230.9,10.84,"2011-01-14 13:39:15",0.05,0,0.3,0,0,0,0.03,274.8,296.7,302.8,0.617,1,1
"2011-01-14 14:30:00",1493,7.474,7.953,10.65,22.98,10.95,11,10.86,87.4,83.6,83.9,308.6,346.9,1012,35.94,2.406,360.2,370,33.53,-9.76,23.77,0.064,3.457,1.971,"NAN","NAN",-50.96,3.949,5.015,4.657,5.578,228.8,9.99,"2011-01-14 14:12:30",0.667,0.242,0.333,0,0,0,0.03,273.4,274.4,275.5,0.675,1,1
"2011-01-14 15:00:00",1494,7.506,7.977,10.67,23.8,10.95,10.9,10.73,87.6,84.7,85.5,300.8,334.9,1012,27.47,1.749,361,369.6,25.72,-8.65,17.07,0.062,3.454,1.967,"NAN","NAN",-51.04,4.114,5.221,4.753,5.683,230,9.44,"2011-01-14 14:58:00",0.558,0.358,0.325,0,0,0,0.027,285.7,440.2,410.8,0.542,0.683,1
"2011-01-14 15:30:00",1495,7.524,7.99,9.8,23.96,10.17,10.14,10.03,94.5,92.2,91.9,294.6,321.8,1012,26.03,2.045,359,365.8,23.99,-6.841,17.15,0.078,3.447,1.968,"NAN","NAN",-51.08,3.156,4.169,3.997,4.785,227.1,8.66,"2011-01-14 15:25:30",1,1,0.233,0,0,0,0.014,280.9,335.6,284.3,1,1,1
"2011-01-14 16:00:00",1496,7.469,7.976,10.09,23.94,10.53,10.62,10.48,91.6,87.4,87.4,293.3,203,1012,16.95,1.819,357.4,368,15.14,-10.57,4.57,0.121,3.43,1.968,"NAN","NAN",-51.13,3.253,4.248,3.983,4.754,228.6,8.46,"2011-01-14 15:46:45",0.758,0.475,0.25,0,0,0,0.003,280.2,301.4,309,1,1,1
"2011-01-14 16:30:00",1497,7.493,7.985,10.02,23.84,10.45,10.63,10.56,91.3,86.2,87.1,289.9,252.4,1012,7.44,1.391,356.1,367.1,6.049,-10.96,-4.907,0.186,3.38,1.966,"NAN","NAN",-51.14,3.584,4.598,4.294,5.065,221.1,9.86,"2011-01-14 16:21:30",1,1,0.283,0.161,0.158,0.512,0.003,284.3,401.2,391,1,1,1
"2011-01-14 17:00:00",1498,7.503,7.991,9.59,23.4,9.86,9.89,9.46,96.1,93.1,97.3,284.7,439.3,1011,4.65,0.565,355.2,364.1,4.086,-8.95,-4.861,0.123,3.36,1.949,"NAN","NAN",-51.18,4.014,5.437,5.33,6.156,213.8,11.16,"2011-01-14 16:59:15",1,1,0.133,0.242,0.158,0.256,0.001,282.3,342.4,340.4,1,1,1
"2011-01-14 17:30:00",1499,7.542,8,9.45,23.03,9.7,9.71,9.2,96.6,94.3,97.8,283.5,573.3,1011,0.716,0.199,356.9,363.4,0.517,-6.482,-5.965,0.082,3.329,1.957,"NAN","NAN",-51.19,4.245,5.536,5.427,6.295,213.3,10.49,"2011-01-14 17:12:30",1,1,0.125,0.081,0.079,0,0,283,319.2,355.4,1,1,1
"2011-01-14 18:00:00",1500,7.473,7.994,9.31,23.72,9.59,9.61,9.1,96.7,94,96.9,284.9,664.2,1011,0.351,0.185,357,362.7,0.166,-5.739,-5.573,0.013,3.287,1.94,"NAN","NAN",-51.34,4.375,5.796,5.426,6.435,220.1,12.09,"2011-01-14 17:45:30",1,1,0.05,0,0,0.128,0.001,285.7,432.7,427.9,1,1,1
"2011-01-14 18:30:00",1501,7.545,7.985,9.17,23.73,9.39,9.33,8.94,97.9,95.4,97.9,286.2,759,1012,0.225,0.255,353,361.5,-0.03,-8.48,-8.51,0.008,3.233,1.947,"NAN","NAN",-51.6,3.111,4.122,3.953,4.627,247.7,10.62,"2011-01-14 18:03:15",1,1,0.025,0.886,0.713,1.024,0,284.3,322.6,309.6,1,1,1
"2011-01-14 19:00:00",1502,7.551,7.96,9.14,23.74,9.32,9.28,8.82,97.9,94.8,98.6,289.3,757,1012,0.332,0.587,350.5,361.3,-0.255,-10.77,-11.03,0.042,3.189,1.971,"NAN","NAN",-51.75,3.033,4.084,3.879,4.523,252.9,8.18,"2011-01-14 18:41:30",1,1,0.058,0.081,0.079,0,0,284.3,372.5,390.6,1,1,1
"2011-01-14 19:30:00",1503,7.517,8.01,8.91,23.72,9.04,9.1,8.7,98.4,94.4,98.5,292,779.2,1012,-0.011,0.842,347.5,360.2,-0.853,-12.63,-13.49,0,3.184,1.968,"NAN","NAN",-51.95,2.216,3.064,2.963,3.411,258.4,6.708,"2011-01-14 19:01:15",1,1,0.025,0.161,0.079,0.128,0,283.3,384.1,395.8,1,1,1
"2011-01-14 20:00:00",1504,7.564,7.968,8.7,23.69,8.95,8.99,8.49,98.1,94,98.6,290.3,707,1013,0.181,0.616,348.5,359.4,-0.436,-10.93,-11.37,0,3.169,1.906,"NAN","NAN",-52.24,3.217,4.432,4.319,4.962,260.6,8.39,"2011-01-14 19:50:15",1,1,0.033,0.161,0.158,0.256,0,283.7,381.4,382.8,1,1,1
"2011-01-14 20:30:00",1505,7.564,7.983,8.44,23.67,8.73,8.73,8.23,97.8,93.4,98.5,293.5,621.8,1013,0.196,0.587,346.9,358.3,-0.391,-11.36,-11.75,0,3.087,1.783,"NAN","NAN",-52.32,3.188,4.225,4.003,4.634,252.5,8.66,"2011-01-14 20:16:15",1,1,0.05,0.161,0.079,0.128,0,283.7,401.3,406.1,1,1,1
"2011-01-14 21:00:00",1506,7.553,7.951,8.4,23.67,8.6,8.52,8.09,97.6,94.3,98.5,294.2,713.3,1013,0.487,0.568,350.8,357.7,-0.081,-6.891,-6.973,0.071,2.987,1.692,"NAN","NAN",-52.33,2.78,3.659,3.403,4.012,244.5,10.02,"2011-01-14 20:43:30",1,1,0.017,0,0.079,0,0,280.3,311.1,279.6,1,1,1
"2011-01-14 21:30:00",1507,7.535,7.959,8.5,23.69,8.59,8.55,8.15,97.1,93.9,98.1,296.3,648.2,1014,0.55,0.484,352.1,358,0.066,-5.86,-5.794,0.097,2.891,1.665,"NAN","NAN",-52.44,2.821,3.636,3.508,4.155,247.3,7.559,"2011-01-14 21:15:00",0.925,0.767,0.033,0.081,0.079,0.128,0,281.7,407.5,328.8,1,1,1
"2011-01-14 22:00:00",1508,7.571,7.929,8.48,23.68,8.66,8.68,8.27,97.2,93,97.8,297.9,650.7,1014,0.672,1.126,352.7,358.4,-0.454,-5.699,-6.153,0.036,2.881,1.63,"NAN","NAN",-52.56,3.047,4.074,3.78,4.416,251.4,8.82,"2011-01-14 21:57:00",1,1,0.025,0.081,0,0,0,281.7,326.1,289.2,1,1,1
"2011-01-14 22:30:00",1509,7.568,7.933,8.49,23.71,8.79,8.73,8.26,95.9,91.7,98,300.1,643.5,1014,-0.089,0.971,348,358.7,-1.059,-10.65,-11.71,0,2.812,1.53,"NAN","NAN",-52.73,3.303,4.463,4.124,4.767,255.2,9.85,"2011-01-14 22:04:30",1,1,0.042,0,0,0,0,282.3,304.9,339.8,1,1,1
"2011-01-14 23:00:00",1510,7.573,7.912,8.79,23.66,8.9,8.9,8.94,94.5,89.2,96.9,302.8,606.7,1015,0.266,1.303,346.1,359.2,-1.037,-13.07,-14.1,0.019,2.654,1.453,"NAN","NAN",-52.84,3.144,4.148,4.109,4.755,253.1,8.89,"2011-01-14 22:58:30",0.342,0.275,0.05,0,0,0,0.001,280.3,276.2,276.9,1,1,1
"2011-01-14 23:30:00",1511,7.581,7.889,9.15,23.73,9.03,9.02,9.32,92.6,86.8,97.6,301.5,656.5,1015,0.657,-0.011,344.6,360,0.668,-15.38,-14.71,0.037,2.581,1.375,"NAN","NAN",-52.91,3.771,4.897,4.56,5.248,254.8,9.81,"2011-01-14 23:01:00",0,0,0.017,0,0,0,0,278.2,273.5,275.5,1,0.492,1
"2011-01-15 00:00:00",1512,7.572,7.904,9.21,23.67,9.04,9,9.31,90.9,86,95.9,305.3,672.3,1015,-0.476,-0.048,320.4,359.9,-0.428,-39.54,-39.96,0.037,2.562,1.364,"NAN","NAN",-53.01,3.473,4.566,4.316,5.03,251.4,8.82,"2011-01-14 23:37:15",0,0,0.025,0,0,0,0.001,276.9,272.8,274.8,1,0,1
"2011-01-15 00:30:00",1513,7.571,7.872,9.01,23.68,8.83,8.9,9.16,90.9,86.2,87,304,616.5,1016,-1.111,0.742,309.5,358.9,-1.853,-49.39,-51.24,0,2.452,1.364,"NAN","NAN",-53,3.153,4.292,4.015,4.686,253.1,10.95,"2011-01-15 00:04:30",0,0,0.067,0,0,0,0.002,276.2,272.8,275.2,1,0,1
"2011-01-15 01:00:00",1514,7.562,7.856,8.97,23.7,8.76,9.06,9.09,91.2,85.2,85.1,305.6,579.9,1016,-1.547,1.443,297.1,358.6,-2.99,-61.53,-64.52,0,2.326,1.363,"NAN","NAN",-52.96,3.166,4.161,3.853,4.535,249.5,8.8,"2011-01-15 00:33:00",0,0,0.092,0,0,0,0.003,274.8,272.8,274.8,1,0,1
"2011-01-15 01:30:00",1515,7.602,7.881,8.73,23.74,8.56,8.99,8.9,91.5,85.3,85.5,301.6,601,1016,-1.532,1.654,300.2,357.7,-3.186,-57.51,-60.7,0,2.275,1.308,"NAN","NAN",-52.95,2.98,3.905,3.471,4.129,246.3,6.979,"2011-01-15 01:30:00",0,0,0.042,0,0,0,0.002,274.1,272.8,275.2,1,0,1
"2011-01-15 02:00:00",1516,7.584,7.84,8.73,23.74,8.61,8.93,8.83,91,85.5,85.6,298.9,562.2,1017,-1.185,1.31,307.7,357.6,-2.495,-49.88,-52.38,0,2.226,1.271,"NAN","NAN",-53.03,3.129,4.059,3.818,4.499,246.3,8.54,"2011-01-15 01:41:00",0,0,0.108,0,0,0,0.002,274.1,272.8,274.8,1,0,1
"2011-01-15 02:30:00",1517,7.568,7.836,8.7,23.76,8.6,8.9,8.79,90.9,85.5,85.6,298,530.3,1017,-1.056,1.321,314.4,357.6,-2.377,-43.2,-45.58,0,2.107,1.218,"NAN","NAN",-53.07,2.731,3.551,3.296,3.897,248.5,7.61,"2011-01-15 02:22:30",0,0,0.142,0,0,0,0.002,274.1,272.8,274.8,1,0,1
"2011-01-15 03:00:00",1518,7.569,7.808,8.56,23.74,8.48,8.78,8.68,91.2,85.9,85.9,300.7,691.1,1018,-1.576,1.425,297.3,356.9,-3.001,-59.6,-62.6,0,1.992,1.21,"NAN","NAN",-53.06,2.908,3.747,3.412,4.04,242.8,6.848,"2011-01-15 02:49:00",0,0,0.083,0,0,0,0.002,274.1,272.8,274.8,1,0,1
"2011-01-15 03:30:00",1519,7.588,7.795,8.19,23.76,8.12,8.5,8.42,92.2,86.9,87,297.9,667.8,1018,-2.148,1.868,282.2,355.2,-4.016,-72.92,-76.94,0,1.943,1.162,"NAN","NAN",-53,2.642,3.492,3.163,3.787,239.7,6.287,"2011-01-15 03:29:45",0,0,0.075,0,0,0,0.002,274.1,272.8,275.5,1,0,1
"2011-01-15 04:00:00",1520,7.544,7.758,8.12,23.75,7.976,8.39,8.3,93.1,88,87.9,291.9,685,1018,-1.347,1.617,299.5,354.8,-2.964,-55.32,-58.28,0,1.809,1.071,"NAN","NAN",-52.96,2.62,3.434,3.202,3.825,233.7,7.474,"2011-01-15 03:39:00",0,0,0.042,0,0,0,0.002,274.1,272.8,275.2,1,0,1
"2011-01-15 04:30:00",1521,7.55,7.736,8.27,23.72,8.08,8.44,8.34,93.2,87.8,87.7,293.3,820,1019,-1.13,1.288,308.4,355.3,-2.418,-46.92,-49.34,0,1.694,0.956,"NAN","NAN",-52.96,2.888,3.954,3.63,4.35,237.5,8.2,"2011-01-15 04:10:30",0,0,0.025,0,0,0,0.002,274.1,272.8,275.5,1,0,1
"2011-01-15 05:00:00",1522,7.576,7.746,8.3,23.76,8.1,8.47,8.35,92.7,87.1,87,292.7,782.7,1019,-1.004,1.111,314.6,355.5,-2.115,-40.92,-43.03,0,1.646,0.912,"NAN","NAN",-52.96,2.933,3.866,3.346,4.056,238.1,6.952,"2011-01-15 04:38:45",0,0,0.025,0,0,0,0.002,274.1,272.8,274.8,1,0,1
"2011-01-15 05:30:00",1523,7.584,7.7,8.25,23.77,8.12,8.46,8.36,92.1,86.5,86.5,290.2,839,1019,-1.189,1.266,307.6,355.4,-2.455,-47.73,-50.18,0,1.53,0.906,"NAN","NAN",-52.78,2.689,3.549,3.105,3.743,236.7,6.694,"2011-01-15 05:20:45",0,0,0,0,0,0,0.002,274.1,272.8,274.8,1,0,1
"2011-01-15 06:00:00",1524,7.536,7.676,8.28,23.78,8.14,8.47,8.38,91.7,86.2,86.1,292.1,826,1019,-1.03,1.314,313.7,355.4,-2.344,-41.74,-44.08,0,1.419,0.859,"NAN","NAN",-52.81,2.547,3.476,3.167,3.832,236.7,5.968,"2011-01-15 05:40:00",0,0,0.017,0,0,0,0.002,274.1,272.8,274.8,1,0,1
"2011-01-15 06:30:00",1525,7.544,7.654,8.41,23.78,8.24,8.54,8.45,91,85.5,85.6,293.5,684.8,1020,-0.849,1.034,320.7,356,-1.883,-35.27,-37.16,0,1.354,0.778,"NAN","NAN",-52.75,2.487,3.293,2.981,3.635,233,5.439,"2011-01-15 06:21:00",0,0,0.025,0,0,0,0.002,274.1,272.8,274.8,1,0,1
"2011-01-15 07:00:00",1526,7.531,7.658,8.58,23.8,8.36,8.68,8.56,90.5,84.7,84.8,289,692.5,1020,-0.45,0.775,333.8,356.8,-1.225,-23.03,-24.25,0,1.248,0.666,"NAN","NAN",-52.63,2.869,3.597,3.387,4.059,231,7.203,"2011-01-15 06:53:15",0,0,0.067,0,0,0,0.003,273.8,272.8,274.8,0.725,0,1
"2011-01-15 07:30:00",1527,7.511,7.614,8.74,23.82,8.52,8.8,8.67,89.8,84.1,84.4,287.2,685.2,1020,-0.428,0.587,338.5,357.5,-1.015,-19,-20.01,0,1.178,0.629,"NAN","NAN",-52.66,2.824,3.72,3.444,4.103,228.8,7.43,"2011-01-15 07:00:15",0,0,0.075,0,0,0,0.003,273.5,272.8,274.8,0.1,0,1
"2011-01-15 08:00:00",1528,7.539,7.616,8.91,23.83,8.71,8.94,8.82,89.4,84.2,84.5,289.4,717.6,1020,-0.203,0.491,346.5,358.4,-0.694,-11.86,-12.55,0,1.09,0.615,"NAN","NAN",-52.68,2.684,3.606,3.453,4.076,219,8.48,"2011-01-15 07:55:45",0,0,0.025,0,0,0,0.003,273.5,272.8,274.8,0.017,0,1
"2011-01-15 08:30:00",1529,7.525,7.58,8.93,23.8,8.74,8.93,8.78,89.8,84.9,85.3,291.7,674.4,1021,-0.214,0.388,345.6,358.5,-0.602,-12.93,-13.54,0,1.061,0.606,"NAN","NAN",-52.59,2.915,3.846,3.894,4.486,208,7.949,"2011-01-15 08:14:30",0,0,0.042,0,0,0,0.003,273.5,272.8,274.8,0,0,1
"2011-01-15 09:00:00",1530,7.526,7.579,8.93,23.84,8.77,8.94,8.79,89.8,85,85.2,286.1,662.3,1020,2.61,0.565,344.1,358.5,2.045,-14.47,-12.43,0.239,1.027,0.604,"NAN","NAN",-52.41,3.248,4.476,4.481,5.133,210.2,7.535,"2011-01-15 08:54:15",0,0,0.042,0,0,0,0.003,273.5,272.8,274.8,0,0,1
"2011-01-15 09:30:00",1531,7.499,7.573,8.94,23.83,8.77,8.95,8.81,88.9,83.8,84,284.9,724.2,1021,12.72,1.51,337,358.6,11.21,-21.61,-10.4,0.123,0.963,0.606,"NAN","NAN",-52.42,3.433,4.694,4.554,5.285,212.7,9.19,"2011-01-15 09:15:15",0,0,0.017,0,0,0,0.003,273.5,272.8,274.8,0,0,1
"2011-01-15 10:00:00",1532,7.508,7.577,9.02,23.83,8.85,8.98,8.83,87.6,82.3,82.7,282.6,725.2,1021,26.61,2.532,340.4,359,24.08,-18.61,5.47,0.094,0.927,0.605,"NAN","NAN",-52.31,3.572,4.842,4.831,5.567,207.9,9.28,"2011-01-15 09:54:00",0,0,0.017,0,0,0,0.004,273.5,272.8,274.8,0,0,1
"2011-01-15 10:30:00",1533,7.511,7.587,9.06,23.81,8.91,9.01,8.85,86.7,82,82.4,283.3,726.9,1021,27.58,2.322,346,359.2,25.26,-13.26,12,0.085,0.92,0.604,"NAN","NAN",-52.37,3.779,5.099,5.011,5.788,210.8,10.43,"2011-01-15 10:02:00",0,0,0.042,0,0,0,0.028,273.4,272.8,274.8,0,0,1
"2011-01-15 11:00:00",1534,7.49,7.574,9.26,23.8,9.11,9.19,9.03,85.5,80.9,81.4,281.1,619.9,1021,40.95,3.322,344.9,360.2,37.63,-15.31,22.32,0.081,0.912,0.604,"NAN","NAN",-52.46,3.946,5.127,4.929,5.793,217.8,10.61,"2011-01-15 10:43:00",0.033,0,0.017,0,0,0,0.031,273.4,274.1,278.9,0,0.017,1
"2011-01-15 11:30:00",1535,7.495,7.574,8.31,23.78,8.67,8.78,8.67,89.4,84.6,84.4,280.7,649.6,1021,41.61,4.854,343.4,358.2,36.75,-14.76,21.99,0.118,0.918,0.608,"NAN","NAN",-52.45,3.793,5.096,5.047,5.856,213.1,9.73,"2011-01-15 11:27:00",1,0.992,0.025,0,0,0,0.026,280.9,339.1,328.1,0.958,1,1
"2011-01-15 12:00:00",1536,7.488,7.564,8.36,23.81,8.7,8.77,8.65,89.9,84.5,84.5,281.6,755.5,1021,57.75,6.024,344.8,358.5,51.73,-13.69,38.04,0.108,0.939,0.618,"NAN","NAN",-52.32,3.966,5.178,5.238,6.009,206.8,9.43,"2011-01-15 11:58:45",0.567,0.433,0.025,0,0,0,0.027,278.9,280.9,274.8,1,1,1
"2011-01-15 12:30:00",1537,7.528,7.559,9,23.76,8.98,9.03,8.86,86.5,80.9,81.4,280.5,761.7,1021,88.9,8.07,341.8,360.1,80.8,-18.33,62.52,0.093,0.963,0.643,"NAN","NAN",-52.04,3.868,5.284,5.411,6.196,206.8,9.63,"2011-01-15 12:16:30",0,0,0.017,0,0,0,0.035,277.5,272.8,274.5,1,0.608,1
"2011-01-15 13:00:00",1538,7.506,7.579,9.47,23.75,9.34,9.33,9.13,84,78.78,79.53,284.5,780.7,1020,112.2,8.91,341.3,361.6,103.3,-20.3,83,0.079,1.001,0.701,"NAN","NAN",-52.06,4.087,5.488,5.428,6.3,210.1,11.43,"2011-01-15 12:57:15",0,0,0,0,0,0,0.04,276.8,272.1,274.1,1,0,1
"2011-01-15 13:30:00",1539,7.483,7.59,9.65,23.82,9.49,9.47,9.29,82.3,77.64,78.46,283.7,822,1020,97,7.611,343.7,362.2,89.4,-18.46,70.97,0.078,1.045,0.753,"NAN","NAN",-52.09,4.435,5.691,5.452,6.368,213.5,10.72,"2011-01-15 13:17:00",0,0,0.017,0,0,0,0.041,273.4,272,274.1,0.767,0,1
"2011-01-15 14:00:00",1540,7.465,7.595,9.84,23.79,9.63,9.59,9.4,81.3,76.65,77.54,285,717.9,1020,126.1,9.96,342.2,363,116.1,-20.77,95.3,0.079,1.061,0.758,"NAN","NAN",-52.21,4.043,5.49,5.33,6.207,216,11.43,"2011-01-15 13:38:45",0,0,0.025,0,0,0.128,0.045,272.7,272,274.1,0,0,1
"2011-01-15 14:30:00",1541,7.487,7.621,10.11,23.49,9.87,9.83,9.61,80.2,75.52,76.53,279.2,767.9,1020,140.9,11.3,333.7,364.1,129.6,-30.39,99.2,0.079,1.075,0.766,"NAN","NAN",-52.37,4.461,5.839,5.612,6.582,218.8,12.05,"2011-01-15 14:21:00",0,0,0.017,0,0,0,0.048,272.7,272,274.1,0,0,1
"2011-01-15 15:00:00",1542,7.461,7.613,9.89,23.06,9.76,9.79,9.62,80.3,75.59,76.47,275.1,782.8,1020,72.14,6.193,336.9,363.5,65.94,-26.57,39.37,0.088,1.158,0.815,"NAN","NAN",-52.45,4.338,5.578,5.42,6.325,216.6,10.69,"2011-01-15 14:41:00",0.142,0,0.017,0,0,0,0.042,273.1,274.1,274.8,0,0.208,1
"2011-01-15 15:30:00",1543,7.478,7.656,10.22,23,9.93,10.03,9.84,79.26,74.11,75.02,273.7,744.7,1020,137.8,13.74,310,364,124,-53.92,70.11,0.1,1.232,0.897,"NAN","NAN",-52.64,4.191,5.426,5.3,6.169,214.9,11.2,"2011-01-15 15:07:45",0,0,0.017,0,0,0,0.048,272.7,272,274.1,0,0.075,1
"2011-01-15 16:00:00",1544,7.455,7.652,10.27,23.81,9.93,10.15,9.98,78.16,72.51,73.42,273.8,807,1020,61.05,6.455,318.7,364.1,54.6,-45.42,9.18,0.105,1.33,0.942,"NAN","NAN",-52.79,4.404,5.763,5.657,6.567,215.8,12.02,"2011-01-15 15:33:45",0,0,0,0,0,0,0.006,272.7,272,274.1,0,0,1
"2011-01-15 16:30:00",1545,7.508,7.692,10.06,23.81,9.87,10.08,9.95,78.2,73.02,73.83,273,713.3,1021,18.72,2.274,325.7,363.8,16.44,-38.1,-21.66,0.126,1.373,1.018,"NAN","NAN",-53.05,3.989,5.251,5.046,5.92,220.4,9.73,"2011-01-15 16:06:15",0,0,0.025,0,0,0,0.006,272.7,272,274.1,0,0,0.992
"2011-01-15 17:00:00",1546,7.495,7.7,10.05,23.76,9.86,10.08,9.94,78.09,72.84,73.62,271.9,737.2,1021,6.846,1.144,337.2,363.8,5.702,-26.63,-20.92,0.193,1.425,1.05,"NAN","NAN",-53.33,4.345,5.506,5.097,6.084,224.8,10.79,"2011-01-15 16:43:15",0,0,0.017,0,0,0,0.006,272.7,272,273.8,0,0,0.917
"2011-01-15 17:30:00",1547,7.525,7.727,10,23.83,9.78,10.03,9.89,78.3,73.13,73.96,267.5,763.3,1021,0.044,0.561,335.5,363.5,-0.517,-28.03,-28.54,0.098,1.498,1.061,"NAN","NAN",-53.42,3.903,5.243,4.977,5.833,220.4,10,"2011-01-15 17:07:15",0,0,0.008,0,0,0,0.006,272.7,272,274.1,0,0,0.458
"2011-01-15 18:00:00",1548,7.508,7.737,9.92,23.3,9.74,10,9.88,78.81,73.63,74.35,264.2,744.3,1021,-0.96,0.753,321,363.1,-1.713,-42.05,-43.76,0,1.516,1.056,"NAN","NAN",-53.53,4.151,5.315,5.191,6.11,219.6,9.5,"2011-01-15 17:38:45",0,0,0.025,0,0,0,0.005,272.7,272,273.4,0,0,0.2
"2011-01-15 18:30:00",1549,7.528,7.738,9.65,23.29,9.39,9.78,9.67,80.9,75.34,75.95,261.3,828,1021,-1.491,1.067,304.8,361.6,-2.558,-56.84,-59.4,0,1.53,1.057,"NAN","NAN",-53.64,3.62,4.847,4.75,5.593,213.9,9.58,"2011-01-15 18:23:45",0,0,0.008,0,0,0,0.005,272.7,272,274.1,0,0,0.283
"2011-01-15 19:00:00",1550,7.539,7.729,9.55,23.8,9.36,9.7,9.58,82,76.84,77.37,258.6,762.3,1021,-1.251,1.041,306.8,361.3,-2.292,-54.49,-56.78,0,1.529,1.055,"NAN","NAN",-53.71,4.163,5.535,5.568,6.408,214.2,10.85,"2011-01-15 18:39:15",0,0,0.025,0,0,0,0.005,272.7,272,274.1,0,0,0.817
"2011-01-15 19:30:00",1551,7.562,7.744,9.55,23.76,9.33,9.71,9.6,82.4,76.87,77.31,260,742.2,1021,-1.325,1.144,304.9,361.3,-2.469,-56.33,-58.8,0,1.519,1.021,"NAN","NAN",-53.85,3.976,5.199,5.096,5.939,218.8,10.89,"2011-01-15 19:21:45",0,0,0,0,0,0,0.005,272.7,272,274.1,0,0,0.983
"2011-01-15 20:00:00",1552,7.528,7.724,9.6,23.74,9.44,9.74,9.61,81.4,76.38,76.9,257.7,816,1021,-1.026,0.945,319.2,361.6,-1.971,-42.4,-44.37,0,1.503,0.991,"NAN","NAN",-53.99,3.834,5.07,5.067,5.843,212.8,11.57,"2011-01-15 19:56:45",0,0,0,0,0,0,0.005,272.7,272,274.1,0,0,0.975
"2011-01-15 20:30:00",1553,7.531,7.707,9.55,23.81,9.39,9.67,9.56,81.7,76.83,77.34,259.1,809,1021,-1.155,0.93,315.7,361.4,-2.085,-45.62,-47.7,0,1.471,0.932,"NAN","NAN",-54.14,3.987,5.241,5.174,6.013,212.1,10.25,"2011-01-15 20:28:30",0,0,0,0,0,0,0.005,272.7,272,274.1,0,0,0.867
"2011-01-15 21:00:00",1554,7.554,7.691,9.52,23.78,9.39,9.65,9.54,81.2,76.24,76.78,258.6,803,1022,-1.211,1.041,308,361.2,-2.252,-53.15,-55.4,0,1.382,0.911,"NAN","NAN",-54.33,4.167,5.679,5.557,6.488,213,10.99,"2011-01-15 20:44:30",0,0,0.008,0,0,0,0.005,272.7,272.1,273.8,0,0,0.525
"2011-01-15 21:30:00",1555,7.538,7.705,9.41,23.76,9.22,9.59,9.48,81.2,75.7,76.27,259.3,823,1022,-1.58,1.266,294.4,360.5,-2.846,-66.15,-68.99,0,1.359,0.889,"NAN","NAN",-54.49,4.208,5.501,5.438,6.346,216.9,11.36,"2011-01-15 21:04:30",0,0,0,0,0,0,0.005,272.7,271.7,273.4,0,0,0.275
"2011-01-15 22:00:00",1556,7.572,7.711,9.3,23.77,9.11,9.46,9.35,81.3,76.08,76.68,257.2,775.8,1022,-1.403,1.118,302.7,360,-2.521,-57.28,-59.8,0,1.32,0.836,"NAN","NAN",-54.62,3.995,5.159,5.102,5.928,214.9,9.33,"2011-01-15 21:33:15",0,0,0.008,0,0,0,0.005,272.7,272.1,273.8,0,0,0.258
"2011-01-15 22:30:00",1557,7.585,7.712,9.24,23.73,9.11,9.39,9.26,81.4,76.62,77.19,256,773.1,1022,-1.159,1.015,309.2,359.8,-2.174,-50.55,-52.73,0,1.243,0.802,"NAN","NAN",-54.75,4.048,5.439,5.272,6.181,219.7,10.66,"2011-01-15 22:12:15",0,0,0,0,0,0,0.004,272.7,272.1,273.4,0,0,0.275
"2011-01-15 23:00:00",1558,7.56,7.683,9.08,23.77,8.92,9.26,9.15,82.4,77.39,77.94,255.6,772.3,1022,-1.665,1.233,294.7,358.9,-2.898,-64.28,-67.18,0,1.207,0.763,"NAN","NAN",-54.87,3.566,4.684,4.588,5.385,218.7,11.18,"2011-01-15 22:31:00",0,0,0.008,0,0,0,0.004,272.7,272.1,273.4,0,0,0.067
"2011-01-15 23:30:00",1559,7.588,7.7,8.74,23.76,8.56,9.01,8.9,84,78.63,79.04,251.9,792.1,1022,-2.159,1.569,274.6,357.2,-3.728,-82.6,-86.4,0,1.162,0.744,"NAN","NAN",-54.98,3.649,4.912,4.884,5.676,215.4,8.88,"2011-01-15 23:11:45",0,0,0,0,0,0,0.004,272.8,272.1,274.1,0,0,0.3
"2011-01-16 00:00:00",1560,7.557,7.633,8.62,23.71,8.42,8.83,8.72,84.9,79.63,80,248.9,842,1022,-1.425,1.211,298.9,356.7,-2.636,-57.81,-60.45,0,1.084,0.695,"NAN","NAN",-55.16,3.592,4.933,4.906,5.671,211.4,9.34,"2011-01-15 23:48:15",0,0,0,0,0,0,0.004,272.8,272.1,274.1,0,0,0.842
"2011-01-16 00:30:00",1561,7.497,7.639,8.87,23.73,8.71,8.95,8.83,84.1,79.27,79.74,250.2,814,1022,-0.476,0.635,332,358.1,-1.111,-26.06,-27.17,0,1.054,0.643,"NAN","NAN",-55.27,3.91,5.212,5.102,5.92,213,9.23,"2011-01-16 00:03:45",0,0,0,0,0,0,0.004,272.8,272.1,274.1,0,0,0.933
"2011-01-16 01:00:00",1562,7.559,7.621,9.03,23.78,8.92,9.13,9.01,83.3,78.73,79.2,250.9,814,1022,-0.687,0.779,326.6,358.9,-1.465,-32.33,-33.79,0,1.007,0.614,"NAN","NAN",-55.4,3.411,4.503,4.427,5.174,214.6,8.89,"2011-01-16 00:58:30",0,0,0.008,0,0,0,0.004,272.8,272.1,274.1,0,0,0.925
"2011-01-16 01:30:00",1563,7.503,7.606,9.19,23.74,9.03,9.24,9.11,83.4,78.69,79.25,251.5,826,1022,-0.358,0.498,341.5,359.8,-0.856,-18.22,-19.08,0,0.916,0.601,"NAN","NAN",-55.56,3.438,4.637,4.4,5.174,216.5,10.55,"2011-01-16 01:16:15",0,0,0.017,0,0,0,0.004,272.8,272.1,274.1,0,0,0.992
"2011-01-16 02:00:00",1564,7.559,7.606,9.28,23.77,9.16,9.32,9.16,83.5,79.31,79.83,254.5,851,1022,-0.391,0.469,344,360.3,-0.86,-16.3,-17.16,0,0.886,0.576,"NAN","NAN",-55.74,3.322,4.327,4.18,4.91,219.5,9.07,"2011-01-16 01:59:15",0,0,0,0,0,0,0.004,272.8,272.1,274.1,0,0,1
"2011-01-16 02:30:00",1565,7.544,7.591,9.28,23.8,9.15,9.33,9.18,84,79.8,80.3,253.1,810,1022,-0.624,0.546,333.2,360.2,-1.17,-27.02,-28.19,0,0.801,0.556,"NAN","NAN",-55.84,3.552,4.77,4.564,5.353,217,9.11,"2011-01-16 02:10:30",0,0,0.008,0,0,0,0.004,272.8,272.1,274.1,0,0,1
"2011-01-16 03:00:00",1566,7.51,7.594,8.9,23.77,8.8,9.06,8.91,85.7,81.6,82,253,835,1022,-1.558,1.107,300.3,358.2,-2.665,-57.99,-60.65,0,0.768,0.539,"NAN","NAN",-56.02,3.592,4.684,4.622,5.362,214,10.16,"2011-01-16 02:55:30",0,0,0,0,0,0,0.003,272.7,272.1,274.1,0,0,0.992
"2011-01-16 03:30:00",1567,7.525,7.579,8.52,23.78,8.42,8.7,8.58,87.8,83.9,84.2,247.4,809,1022,-1.716,1.166,297,356.5,-2.883,-59.55,-62.43,0,0.759,0.548,"NAN","NAN",-56.06,3.355,4.503,4.533,5.201,211.2,8.54,"2011-01-16 03:20:15",0,0,0.017,0,0,0,0.003,273.4,272.1,274.1,0,0,1
"2011-01-16 04:00:00",1568,7.513,7.576,8.26,23.79,8.21,8.42,8.31,89.4,85.8,86.2,249,749.1,1022,-1.816,1.1,290.3,355.2,-2.916,-64.93,-67.84,0,0.757,0.526,"NAN","NAN",-56.1,3.143,4.23,4.212,4.782,205.7,7.523,"2011-01-16 03:30:15",0,0,0.025,0,0,0,0.002,273.5,272.1,274.1,0,0,1
"2011-01-16 04:30:00",1569,7.521,7.575,7.843,23.78,7.776,8.09,7.965,91.6,88.1,88.2,239.2,729.7,1022,-1.528,1.318,296.1,353.4,-2.846,-57.28,-60.13,0,0.749,0.518,"NAN","NAN",-56.03,2.888,4.033,4.112,4.644,197.3,7.61,"2011-01-16 04:07:30",0,0,0.008,0,0,0,0.002,273.5,272.1,274.1,0.242,0,1
"2011-01-16 05:00:00",1570,7.505,7.57,8.11,23.79,8.04,8.29,8.18,91.7,88.2,88.1,241.4,745.7,1022,-0.624,0.96,323.5,354.9,-1.584,-31.36,-32.94,0,0.716,0.51,"NAN","NAN",-56.05,3.169,4.228,4.293,4.928,206.3,7.967,"2011-01-16 04:55:15",0,0,0.025,0,0,0,0.002,273.5,272.1,274.1,0,0,1
"2011-01-16 05:30:00",1571,7.509,7.55,8.56,23.79,8.51,8.67,8.55,90.2,86.5,86.6,243.2,683.7,1022,-0.749,0.779,317.9,356.8,-1.528,-38.9,-40.42,0,0.678,0.457,"NAN","NAN",-55.97,3.652,4.892,4.934,5.612,205,9.27,"2011-01-16 05:15:45",0,0,0.033,0,0,0,0.002,273.5,272.1,274.1,0,0,1
"2011-01-16 06:00:00",1572,7.486,7.562,8.14,23.79,8.07,8.4,8.29,91,86.9,87,242.8,696,1022,-2.359,1.602,271.6,354.5,-3.961,-82.8,-86.8,0,0.617,0.441,"NAN","NAN",-55.94,3.034,4.204,4.404,5.03,201.3,9.3,"2011-01-16 05:38:45",0,0,0.017,0,0,0,0.002,274.1,272.1,274.8,0.142,0,1
"2011-01-16 06:30:00",1573,7.459,7.545,7.656,23.76,7.583,7.944,7.854,92.3,88.2,88.2,238.9,754.4,1022,-2.325,1.661,267.9,352.2,-3.987,-84.3,-88.3,0,0.608,0.397,"NAN","NAN",-56,3.136,4.243,4.386,4.983,202.4,7.699,"2011-01-16 06:18:00",0,0,0,0,0,0,0.002,274.1,272.1,274.8,0.992,0,1
"2011-01-16 07:00:00",1574,7.483,7.513,7.546,23.77,7.459,7.819,7.73,92.4,88.4,88.3,232.9,698.4,1022,-1.905,1.539,276.1,351.7,-3.444,-75.56,-79.01,0,0.606,0.383,"NAN","NAN",-56.1,3.22,4.322,4.462,5.102,207.2,8.24,"2011-01-16 06:56:15",0,0,0.008,0,0,0,0.002,274.1,272.1,274.8,0.942,0,1
"2011-01-16 07:30:00",1575,7.464,7.491,7.667,23.73,7.585,7.884,7.759,92.1,88,88,233.3,805,1022,-1.333,1.24,299.1,352.3,-2.573,-53.21,-55.79,0,0.606,0.332,"NAN","NAN",-56.11,3.345,4.516,4.541,5.191,207.3,8.36,"2011-01-16 07:10:00",0,0,0.008,0,0,0,0.002,273.5,272.1,274.8,0.067,0,1
"2011-01-16 08:00:00",1576,7.468,7.503,7.826,23.77,7.746,7.947,7.832,91.7,87.8,87.9,237.2,744.1,1022,-0.624,0.764,322.3,353.2,-1.388,-30.88,-32.27,0,0.606,0.31,"NAN","NAN",-56.13,3.322,4.388,4.654,5.335,207.9,8.92,"2011-01-16 07:59:45",0,0,0.025,0,0,0,0.002,273.5,272.1,274.5,0,0,1
"2011-01-16 08:30:00",1577,7.466,7.481,8.1,23.74,8.03,8.15,8.02,90.8,87,87.2,240.9,745.4,1023,0.063,0.465,339.7,354.7,-0.402,-14.99,-15.4,0.046,0.574,0.291,"NAN","NAN",-56.2,3.646,4.846,4.921,5.62,206,8.52,"2011-01-16 08:07:45",0,0,0.025,0,0,0,0.002,273.5,272.1,274.2,0,0,1
"2011-01-16 09:00:00",1578,7.519,7.489,8.3,23.74,8.23,8.33,8.18,90,86.3,86.5,241.8,803,1023,5.186,1.089,343.1,355.6,4.097,-12.53,-8.43,0.229,0.476,0.273,"NAN","NAN",-56.15,3.624,4.961,5.06,5.721,203.2,8.66,"2011-01-16 08:52:45",0,0,0.008,0,0,0,0.003,273.5,272.1,274.1,0,0,1
"2011-01-16 09:30:00",1579,7.478,7.458,8.61,23.78,8.49,8.63,8.49,89.2,85.1,85.3,247.7,834,1023,11.55,1.303,344,357.2,10.25,-13.17,-2.921,0.115,0.451,0.208,"NAN","NAN",-56.14,3.22,4.435,4.596,5.232,200.9,8.34,"2011-01-16 09:22:00",0,0,0.017,0,0,0,0.003,273.5,272.1,274.1,0,0,1
"2011-01-16 10:00:00",1580,7.504,7.436,9,23.79,8.88,9.02,8.87,87.7,83.5,83.7,248,862,1023,26.69,2.562,344.4,359.1,24.13,-14.65,9.48,0.099,0.427,0.195,"NAN","NAN",-56.12,3.351,4.512,4.478,5.106,207.4,8.61,"2011-01-16 09:55:45",0,0,0.008,0,0,0,0.003,273.5,272.1,274.1,0,0,1
"2011-01-16 10:30:00",1581,7.468,7.434,9.56,23.79,9.39,9.5,9.34,85.7,81,81.4,251.9,807,1023,64.21,5.448,342.5,361.8,58.76,-19.24,39.52,0.085,0.382,0.173,"NAN","NAN",-56.11,2.995,4.119,4.189,4.794,205.8,8.03,"2011-01-16 10:15:45",0,0,0,0,0,0,0.032,272.8,272.1,274.1,0,0,1
"2011-01-16 11:00:00",1582,7.456,7.449,10.05,23.82,9.84,9.96,9.8,83.6,78.37,78.93,253.7,748,1023,67.98,5.703,345.5,364.2,62.28,-18.68,43.6,0.084,0.368,0.19,"NAN","NAN",-56.04,3.295,4.503,4.506,5.15,205.9,8.5,"2011-01-16 10:52:00",0,0,0.017,0,0,0,0.038,272.7,272.1,274.1,0,0,1
"2011-01-16 11:30:00",1583,7.46,7.442,10.54,23.83,10.31,10.41,10.24,80.8,75.69,76.33,247.8,701.5,1023,99.2,8.14,345.9,366.5,91.1,-20.64,70.45,0.082,0.375,0.221,"NAN","NAN",-55.95,3.271,4.618,4.878,5.569,205.7,8.71,"2011-01-16 11:12:45",0,0,0.017,0,0,0,0.046,272.7,272,274.1,0,0,1
"2011-01-16 12:00:00",1584,7.433,7.449,11.19,23.79,10.93,10.99,10.8,77.25,72.1,72.99,244.7,689.7,1023,129.1,10.55,346.2,369.6,118.6,-23.42,95.1,0.082,0.436,0.275,"NAN","NAN",-55.9,3.38,4.592,4.567,5.274,209.5,9.7,"2011-01-16 11:51:00",0,0,0.017,0,0,0,0.056,272.7,272,274.1,0,0,1
"2011-01-16 12:30:00",1585,7.49,7.48,11.72,23.8,11.42,11.42,11.22,74.84,69.82,70.9,241.9,496.4,1023,157.9,12.72,345.2,372.1,145.2,-26.84,118.3,0.081,0.465,0.35,"NAN","NAN",-55.88,3.221,4.496,4.581,5.232,208.1,9.99,"2011-01-16 12:25:00",0,0,0.1,0,0,0,0.063,272,272,273.4,0,0,0.6
"2011-01-16 13:00:00",1586,7.454,7.489,12.21,23.76,11.82,11.84,11.62,72.45,67.58,68.84,230.2,361.1,1023,211.4,18.05,332.3,374,193.4,-41.66,151.7,0.085,0.577,0.445,"NAN","NAN",-55.81,3.553,4.813,4.83,5.465,203.6,9.09,"2011-01-16 12:33:30",0,0,0.242,0,0,0,0.073,272,271.4,273.4,0,0,0
"2011-01-16 13:30:00",1587,7.475,7.527,12.72,23.84,12.06,12.23,12.01,71.47,65.89,67.28,222.3,276.4,1022,224.3,21.17,294.7,374.4,203.2,-79.76,123.4,0.093,0.606,0.469,"NAN","NAN",-55.84,3.579,4.777,4.874,5.53,206.5,10.3,"2011-01-16 13:25:30",0,0,0.3,0,0,0,0.074,272,271.4,273.4,0,0,0
"2011-01-16 14:00:00",1588,7.505,7.569,13.68,23.74,12.26,12.76,12.46,70,63.53,65.23,219.3,295.5,1022,344.3,36.51,268.1,374,307.8,-105.9,201.9,0.106,0.673,0.649,"NAN","NAN",-55.78,4.164,5.687,5.748,6.488,204.8,10.91,"2011-01-16 13:52:45",0,0,0.317,0,0,0,0.089,272,271.4,273.4,0,0,0
"2011-01-16 14:30:00",1589,7.459,7.58,13.83,23.88,12.31,12.82,12.54,69.54,63.4,65.09,213,202.6,1022,306.8,34.32,268.6,374.3,272.5,-105.7,166.7,0.112,0.826,0.759,"NAN","NAN",-55.77,4.303,5.675,5.618,6.366,205.6,10.56,"2011-01-16 14:03:45",0,0,0.283,0,0,0,0.086,272,271.3,272.7,0,0,0
"2011-01-16 15:00:00",1590,7.496,7.64,13.84,23.84,12.33,12.9,12.65,69.76,63.1,64.65,210.6,120.7,1022,261.2,32.34,268.9,374.4,228.9,-105.5,123.3,0.124,1.024,0.836,"NAN","NAN",-55.89,4.189,5.653,5.662,6.409,205.4,10.37,"2011-01-16 14:35:30",0,0,0.283,0,0,0,0.083,272,271.3,272.7,0,0,0
"2011-01-16 15:30:00",1591,7.47,7.675,14.04,23.84,12.44,13.1,12.86,68.1,61.24,62.74,209.9,195.8,1022,205.3,29,269.6,374.9,176.3,-105.3,70.92,0.142,1.184,1.022,"NAN","NAN",-56.04,3.576,4.748,4.677,5.398,210.5,10.15,"2011-01-16 15:10:00",0,0,0.283,0,0,0,0.079,272,271.3,272.7,0,0,0
"2011-01-16 16:00:00",1592,7.505,7.731,13.67,23.83,12.18,12.86,12.69,68.76,61.98,63.43,215.3,235.2,1022,141.8,24.69,269.7,373.8,117.1,-104.1,12.99,0.176,1.355,1.061,"NAN","NAN",-56.25,3.739,4.967,4.861,5.637,214.7,10.62,"2011-01-16 15:31:45",0,0,0.233,0,0,0,0.071,272,271.3,272.7,0,0,0
"2011-01-16 16:30:00",1593,7.509,7.747,13.02,23.93,11.67,12.54,12.42,71.82,64.08,65.15,211.6,249.1,1022,73.34,17.3,270.2,372.7,56.04,-102.5,-46.46,0.245,1.467,1.065,"NAN","NAN",-56.42,3.177,4.34,4.286,4.939,213.9,7.887,"2011-01-16 16:03:00",0,0,0.217,0,0,0,0.009,272,271.3,273.4,0,0,0
"2011-01-16 17:00:00",1594,7.497,7.749,11.85,23.86,11.2,12.04,11.96,73.87,66.46,67.33,207.8,227.3,1022,16.69,4.51,270.2,371.2,12.18,-101,-88.8,0.362,1.554,1.105,"NAN","NAN",-56.54,3.113,4.257,4.281,4.911,208.1,8.08,"2011-01-16 16:52:15",0,0,0.258,0,0,0,0.007,272,271.3,273.4,0,0,0
"2011-01-16 17:30:00",1595,7.504,7.789,11.12,23.89,10.69,11.45,11.39,76.03,69.12,69.76,207.9,281.5,1022,-0.45,2.222,269,368.3,-2.672,-99.3,-102,0.119,1.657,1.136,"NAN","NAN",-56.75,2.96,4.02,4.124,4.704,204,8.07,"2011-01-16 17:28:30",0,0,0.233,0,0,0,0.006,272,271.4,273.4,0,0,0
"2011-01-16 18:00:00",1596,7.553,7.793,10.54,23.86,10.19,10.91,10.86,77.94,71.72,72.15,206.7,279,1022,-2.967,2.155,267,365.6,-5.123,-98.6,-103.8,0,1.67,1.156,"NAN","NAN",-56.93,2.683,3.731,3.813,4.347,202.5,7.87,"2011-01-16 17:40:00",0,0,0.258,0,0,0,0.005,272.4,271.4,273.4,0,0,0
"2011-01-16 18:30:00",1597,7.56,7.791,10.22,23.78,9.92,10.62,10.58,78.6,72.06,72.42,204.8,378,1022,-2.772,2.144,265.5,364.1,-4.916,-98.6,-103.5,0,1.681,1.137,"NAN","NAN",-57.08,3.012,4.112,4.268,4.847,200,8.45,"2011-01-16 18:09:45",0,0,0.15,0,0,0,0.005,272,271.4,273.4,0,0,0
"2011-01-16 19:00:00",1598,7.564,7.812,9.75,23.13,9.47,10.12,10.11,79.76,73.93,74.23,205.8,538.4,1023,-3.192,2.255,264.1,361.4,-5.447,-97.3,-102.8,0,1.671,1.09,"NAN","NAN",-57.27,2.114,2.993,3.196,3.583,193.8,5.753,"2011-01-16 18:50:00",0,0,0.042,0,0,0,0.005,272.7,271,273.4,0,0,0
"2011-01-16 19:30:00",1599,7.566,7.816,8.95,23.4,8.1,9.33,9.34,85.5,77.77,77.61,198,615.4,1023,-3.281,2.273,261.6,357.3,-5.555,-95.7,-101.2,0,1.66,1.066,"NAN","NAN",-57.36,1.926,2.663,2.957,3.276,184.1,4.389,"2011-01-16 19:16:45",0,0,0.017,0,0,0,0.003,272.7,271.4,273.4,0,0,0
"2011-01-16 20:00:00",1600,7.58,7.801,8.48,23.78,7.045,8.89,8.94,91,79.54,79.02,191.1,703,1023,-2.846,2.366,259.8,355.1,-5.212,-95.3,-100.5,0,1.569,1.06,"NAN","NAN",-57.5,2.141,3.049,3.401,3.733,181.4,5.323,"2011-01-16 19:55:30",0,0,0.025,0,0,0,0.003,272.7,271.4,273.4,0,0,0
"2011-01-16 20:30:00",1601,7.616,7.795,8.27,23.76,7.365,8.7,8.71,89.9,80.2,79.88,185.6,760.4,1023,-2.827,2.366,258.3,354.2,-5.193,-95.8,-101,0,1.512,0.999,"NAN","NAN",-57.63,2.312,3.32,3.534,3.915,185.1,5.888,"2011-01-16 20:13:15",0,0,0.017,0,0,0,0.003,272.8,271.4,273.4,0,0,0
"2011-01-16 21:00:00",1602,7.613,7.764,7.997,23.78,7.383,8.44,8.44,89.7,81.3,81.1,180.9,622.7,1023,-2.872,2.296,257.7,353,-5.168,-95.2,-100.4,0,1.392,0.83,"NAN","NAN",-57.76,2.194,3.13,3.389,3.73,181.9,5.756,"2011-01-16 20:49:45",0,0,0.042,0,0,0,0.003,273.5,271.4,273.5,0,0,0
"2011-01-16 21:30:00",1603,7.623,7.751,7.649,23.76,6.487,8.05,8.06,92.2,83,82.6,179.5,591.3,1023,-2.816,2.263,259.7,351,-5.079,-91.3,-96.4,0,1.28,0.758,"NAN","NAN",-57.89,2.02,2.838,3.126,3.434,182.7,5.333,"2011-01-16 21:03:45",0,0,0.033,0,0,0,0.002,273.5,271.4,274.1,0,0,0.025
"2011-01-16 22:00:00",1604,7.565,7.697,7.26,23.7,5.697,7.614,7.667,95.3,84.9,84.3,175.8,682.5,1022,-2.584,2.156,268.8,349.1,-4.74,-80.3,-85,0,1.151,0.69,"NAN","NAN",-58.03,1.639,2.412,2.686,2.997,188.5,4.071,"2011-01-16 21:32:30",0,0,0.025,0,0,0,0.002,274.2,271.4,274.2,0.792,0,0.967
"2011-01-16 22:30:00",1605,7.59,7.662,7.33,23.67,5.654,7.729,7.796,96.2,84.1,83.1,177.9,807,1022,-1.908,2.137,275.7,349.4,-4.046,-73.73,-77.78,0,0.991,0.518,"NAN","NAN",-58.18,2.091,2.977,3.145,3.552,195.2,5.269,"2011-01-16 22:28:30",0,0,0.008,0,0,0,0.002,273.5,271.5,274.2,0.108,0,0.992
"2011-01-16 23:00:00",1606,7.585,7.639,7.772,23.64,5.652,8.21,8.22,96.5,80.9,80.5,183.5,967,1022,-1.968,2.16,273.3,351.2,-4.127,-77.93,-82.1,0,0.85,0.456,"NAN","NAN",-58.33,2.252,3.126,3.238,3.702,202.2,7.855,"2011-01-16 22:30:15",0,0,0,0,0,0,0.003,273.2,271.5,273.8,0,0,0.583
"2011-01-16 23:30:00",1607,7.543,7.584,7.844,23.6,5.861,8.22,8.23,96,80.5,80.2,191.7,978,1023,-2.104,2.056,274.1,351.5,-4.161,-77.39,-81.6,0,0.653,0.377,"NAN","NAN",-58.52,1.948,2.84,3.074,3.501,202.5,5.302,"2011-01-16 23:26:45",0,0,0,0,0,0,0.003,272.8,271.5,273.5,0,0,0.208
"2011-01-17 00:00:00",1608,7.564,7.551,7.79,23.66,6.125,8.17,8.16,95,80.5,80.3,194.6,959,1022,-2.296,2.042,270.8,351.4,-4.338,-80.6,-84.9,0,0.604,0.258,"NAN","NAN",-58.66,2.264,3.102,3.27,3.732,199.3,6.161,"2011-01-16 23:42:45",0,0,0,0,0,0,0.003,273.2,271.5,273.5,0,0,0.133
"2011-01-17 00:30:00",1609,7.583,7.531,7.671,23.67,5.867,8.09,8.1,95.3,80.4,80.2,197.9,847,1023,-2.341,2.182,268.8,350.8,-4.522,-82,-86.5,0,0.494,0.16,"NAN","NAN",-58.86,2.157,2.884,2.922,3.332,203.6,5.336,"2011-01-17 00:27:00",0,0,0.025,0,0,0,0.003,273.2,271.5,273.5,0,0,0.075
"2011-01-17 01:00:00",1610,7.555,7.494,7.675,23.66,6.225,7.956,7.953,94.2,80.8,80.6,199.5,912,1023,-1.853,1.765,283,350.7,-3.618,-67.69,-71.3,0,0.394,0.121,"NAN","NAN",-59.02,2.097,2.992,3.147,3.551,201.4,6.178,"2011-01-17 00:57:45",0,0,0,0,0,0,0.003,272.8,271.5,273.5,0,0,0.117
"2011-01-17 01:30:00",1611,7.506,7.43,7.549,23.67,6.829,7.864,7.837,90.7,81.2,81,204.5,944,1023,-2.152,1.791,274.9,350.4,-3.943,-75.49,-79.44,0,0.21,0.049,"NAN","NAN",-59.19,2.325,3.209,3.26,3.709,207.4,6.019,"2011-01-17 01:06:00",0,0,0,0,0,0,0.003,273.5,271.5,273.5,0,0,0.092
"2011-01-17 02:00:00",1612,7.54,7.431,7.384,23.7,6.575,7.722,7.73,91.5,81.7,81.5,209.6,1029,1023,-2.186,1.92,271.5,349.7,-4.105,-78.15,-82.3,0,0.13,-0.063,"NAN","NAN",-59.37,2.342,3.254,3.321,3.792,205.6,5.686,"2011-01-17 01:38:15",0,0,0,0,0,0,0.003,273.2,271.5,273.5,0,0,0.267
"2011-01-17 02:30:00",1613,7.493,7.394,7.28,23.68,5.974,7.62,7.612,92.8,82.1,81.9,209.4,987,1023,-2.175,1.942,273,349,-4.116,-75.95,-80.1,0,-0.023,-0.143,"NAN","NAN",-59.53,1.974,2.726,2.854,3.29,208.7,6.175,"2011-01-17 02:03:15",0,0,0,0,0,0,0.002,273.5,271.5,274.2,0,0,0.492
"2011-01-17 03:00:00",1614,7.516,7.375,7.077,23.63,5.336,7.416,7.452,95.6,83.1,82.7,203.2,967,1023,-2.274,2.012,272.2,347.8,-4.286,-75.6,-79.88,0,-0.147,-0.158,"NAN","NAN",-59.61,1.586,2.362,2.586,2.93,200.8,4.528,"2011-01-17 02:35:30",0,0,0,0,0,0,0.002,273.5,271.5,274.2,0,0,0.967
"2011-01-17 03:30:00",1615,7.466,7.326,6.811,23.62,5.33,7.084,7.124,96.3,84.6,84,195,985,1023,-2.289,1.916,272.3,346.4,-4.205,-74.14,-78.35,0,-0.192,-0.195,"NAN","NAN",-59.78,1.646,2.459,2.711,3.034,196.9,4.151,"2011-01-17 03:19:30",0,0,0.017,0,0,0,0.002,274.2,271.5,274.2,0.158,0,1
"2011-01-17 04:00:00",1616,7.485,7.323,6.468,23.61,5.197,6.712,6.774,96.7,86.3,85.6,194.4,987,1023,-2.134,1.82,276.8,345,-3.954,-68.14,-72.09,0,-0.321,-0.274,"NAN","NAN",-59.87,1.677,2.465,2.728,3.046,191.8,4.252,"2011-01-17 03:58:30",0,0,0,0,0,0,0.002,273.8,271.8,274.2,0.983,0,1
"2011-01-17 04:30:00",1617,7.449,7.284,6.608,23.63,5.308,6.723,6.68,96.9,86.6,86.2,194.9,1002,1023,-0.679,1,313,346.1,-1.68,-33.04,-34.72,0,-0.444,-0.35,"NAN","NAN",-59.86,1.629,2.412,2.575,2.909,197.3,4.308,"2011-01-17 04:02:00",0,0,0,0,0,0,0.002,273.5,271.5,274.2,0,0,1
"2011-01-17 05:00:00",1618,7.482,7.27,6.78,23.66,6.198,6.832,6.751,94.5,86.4,86.4,201.3,986,1023,0.022,0.543,340.1,347.6,-0.521,-7.545,-8.07,0.004,-0.483,-0.413,"NAN","NAN",-59.96,1.851,2.516,2.595,2.933,199,4.782,"2011-01-17 04:40:45",0,0,0,0,0,0,0.002,273.5,271.5,274.2,0,0,1
"2011-01-17 05:30:00",1619,7.458,7.254,7.091,23.69,6.833,7.101,6.975,92,85.8,85.9,210.6,983,1023,0.225,0.321,349.5,349.6,-0.096,-0.033,-0.129,0.008,-0.59,-0.447,"NAN","NAN",-59.97,1.812,2.543,2.686,3.04,198.4,6.05,"2011-01-17 05:03:45",0,0,0,0,0,0,0.002,272.8,271.5,274.2,0,0,1
"2011-01-17 06:00:00",1620,7.457,7.23,7.261,23.74,7.152,7.252,7.109,90.3,85.5,85.8,217.2,936,1023,0.011,0.244,346.1,350.5,-0.233,-4.319,-4.551,0.004,-0.607,-0.455,"NAN","NAN",-59.96,1.886,2.579,2.666,3.043,203.2,4.729,"2011-01-17 05:59:15",0,0,0.008,0,0,0,0.002,272.8,271.5,274.2,0,0,1
"2011-01-17 06:30:00",1621,7.437,7.214,7.31,23.74,7.231,7.276,7.114,90,85.8,86.1,216.7,856,1022,0.044,0.148,349.7,350.8,-0.103,-1.159,-1.263,0,-0.607,-0.456,"NAN","NAN",-59.83,2.238,2.985,3.025,3.393,198.2,5.245,"2011-01-17 06:21:15",0,0,0.008,0,0,0,0.002,272.8,271.5,274.2,0,0,1
"2011-01-17 07:00:00",1622,7.385,7.18,7.254,23.75,7.211,7.2,7.02,90.1,86.5,86.9,215.9,797,1022,-0.07,0.096,348.4,350.6,-0.166,-2.251,-2.417,0,-0.61,-0.456,"NAN","NAN",-59.8,1.729,2.309,2.341,2.642,194.1,4.451,"2011-01-17 06:55:15",0,0,0.008,0,0,0,0.002,272.8,271.8,274.2,0,0,1
"2011-01-17 07:30:00",1623,7.384,7.187,7.116,23.78,7.114,7.076,6.898,90.6,87.5,87.9,216.4,838,1022,0,0.096,348.5,350.1,-0.096,-1.631,-1.727,0,-0.618,-0.456,"NAN","NAN",-59.81,1.94,2.628,2.724,3.068,194.1,4.894,"2011-01-17 07:14:45",0,0,0.008,0,0,0,0.002,273.2,272.1,274.2,0,0,1
"2011-01-17 08:00:00",1624,7.37,7.175,7.103,23.78,7.114,7.064,6.888,91.4,88.8,89.3,214.1,817,1022,0.17,0.074,350.1,350.2,0.096,-0.128,-0.032,0,-0.617,-0.455,"NAN","NAN",-59.76,1.733,2.434,2.628,2.946,192.6,4.977,"2011-01-17 07:43:45",0,0,0.008,0,0,0,0.002,273.5,272.1,274.2,0,0,1
"2011-01-17 08:30:00",1625,7.388,7.199,7.079,23.79,7.144,7.048,6.876,92.7,90.7,91.2,214.6,785.5,1022,0.554,0.14,348.7,350.2,0.413,-1.507,-1.094,0.067,-0.608,-0.455,"NAN","NAN",-59.81,1.97,2.677,2.766,3.105,193,5.161,"2011-01-17 08:16:30",0,0,0.033,0,0,0,0.002,273.5,272.1,274.2,0,0,1
"2011-01-17 09:00:00",1626,7.367,7.196,7.117,23.79,7.186,7.113,6.924,94,92.1,92.5,213.2,836,1022,4.492,0.635,347.7,350.5,3.857,-2.784,1.074,0.156,-0.606,-0.452,"NAN","NAN",-59.81,1.975,2.81,3.011,3.356,191.1,5.507,"2011-01-17 08:59:30",0,0,0.008,0,0,0,0.001,273.5,272.1,274.2,0,0,1
"2011-01-17 09:30:00",1627,7.369,7.188,7.306,23.81,7.372,7.299,7.131,94.5,92.5,92.7,215.1,818,1022,9.65,0.997,348,351.5,8.65,-3.525,5.123,0.105,-0.606,-0.436,"NAN","NAN",-59.73,2.115,2.991,3.044,3.446,197.1,6.689,"2011-01-17 09:27:45",0,0,0.008,0,0,0,0.001,273.5,272.1,274.8,0,0,1
"2011-01-17 10:00:00",1628,7.366,7.202,7.571,23.81,7.634,7.549,7.346,94.3,92.3,92.4,219.8,850,1022,17.44,1.558,349,352.7,15.88,-3.758,12.13,0.09,-0.606,-0.368,"NAN","NAN",-59.64,2.245,3.127,3.23,3.659,199.9,5.788,"2011-01-17 09:56:00",0,0,0.008,0,0,0,0.011,273.5,272.1,274.8,0,0,1
"2011-01-17 10:30:00",1629,7.342,7.22,7.76,23.81,7.789,7.672,7.483,94.1,91.7,91.9,222.2,866,1022,33.52,2.813,348.4,353.6,30.71,-5.191,25.52,0.084,-0.6,-0.268,"NAN","NAN",-59.63,2.064,2.812,2.895,3.278,199.8,5.244,"2011-01-17 10:05:15",0,0,0,0,0,0,0.013,273.5,272.1,274.1,0,0,1
"2011-01-17 11:00:00",1630,7.32,7.201,7.84,23.83,7.976,7.802,7.598,93.3,90.8,91,222.3,773.7,1022,57.3,5.009,347.5,354.6,52.29,-7.082,45.2,0.088,-0.532,-0.176,"NAN","NAN",-59.72,2.38,3.214,3.328,3.781,204.4,7,"2011-01-17 10:36:45",0.408,0,0.008,0,0,0,0.017,273.8,274.1,274.8,0.617,0.758,1
"2011-01-17 11:30:00",1631,7.39,7.232,8.13,23.81,8.14,7.941,7.728,92.1,89.5,89.9,221.7,778.8,1022,90.2,7.242,344.2,355.4,82.9,-11.22,71.69,0.08,-0.461,-0.153,"NAN","NAN",-59.67,2.948,3.879,3.938,4.387,199,7.218,"2011-01-17 11:02:45",0,0,0.008,0,0,0,0.021,273.5,272.1,274.1,0,0.017,1
"2011-01-17 12:00:00",1632,7.33,7.226,8.36,23.44,8.34,8.09,7.841,91.1,88.8,89.4,223.7,670.9,1022,104.4,8.27,339.5,356.4,96.2,-16.9,79.27,0.079,-0.404,-0.152,"NAN","NAN",-59.68,2.841,3.784,3.883,4.276,191.6,7.111,"2011-01-17 11:31:15",0,0,0.025,0,0,0,0.023,273.5,272.1,274.1,0,0,1
"2011-01-17 12:30:00",1633,7.376,7.253,8.31,23.25,8.32,8.06,7.823,90.7,88.6,89.2,228.7,747.2,1022,84.1,6.478,347,356.3,77.58,-9.28,68.3,0.077,-0.313,-0.145,"NAN","NAN",-59.76,3.037,4.007,4.055,4.506,197.3,7.239,"2011-01-17 12:00:30",0,0,0.008,0,0,0,0.022,273.4,272.1,274.1,0,0,1
"2011-01-17 13:00:00",1634,7.358,7.268,8.2,23.69,8.23,7.974,7.756,90.8,88.7,89.3,231.4,782.1,1022,64.04,4.88,346.3,355.8,59.16,-9.42,49.74,0.076,-0.254,-0.067,"NAN","NAN",-59.78,2.619,3.49,3.603,4.053,193.8,6.407,"2011-01-17 12:42:15",0,0,0.008,0,0,0,0.02,273.4,272.1,274.1,0,0,1
"2011-01-17 13:30:00",1635,7.402,7.311,8.38,23.84,8.39,8.17,7.943,90.4,87.9,88.3,224.1,803,1021,89,7.058,339.7,356.8,81.9,-17.07,64.87,0.079,-0.135,0.104,"NAN","NAN",-59.65,2.298,3.118,3.2,3.566,190.4,6.221,"2011-01-17 13:23:45",0,0,0,0,0,0,0.023,273.4,272,274.1,0,0,1
"2011-01-17 14:00:00",1636,7.358,7.302,8.76,23.89,8.75,8.62,8.42,88.7,85.8,86.2,220.8,818,1021,73.91,6.039,341.3,358.6,67.87,-17.21,50.66,0.082,-0.018,0.15,"NAN","NAN",-59.6,2.549,3.315,3.28,3.653,189.8,5.838,"2011-01-17 13:54:45",0,0,0,0,0,0,0.024,273.4,272,274.1,0,0,1
"2011-01-17 14:30:00",1637,7.325,7.354,9.24,23.86,9.2,9.1,8.89,87,83.6,84.1,224.4,705.7,1020,104.9,8.76,340.2,361,96.2,-20.75,75.42,0.083,0.068,0.153,"NAN","NAN",-59.61,2.38,3.226,3.392,3.798,191.7,7.614,"2011-01-17 14:20:15",0,0,0,0,0,0,0.031,273.4,272.7,274.1,0,0,1
"2011-01-17 15:00:00",1638,7.399,7.373,9.56,23.44,9.5,9.47,9.29,85.5,81.7,82.3,219.8,712.7,1020,57.35,4.935,343.4,362.3,52.42,-18.9,33.52,0.086,0.195,0.192,"NAN","NAN",-59.76,2.458,3.394,3.432,3.851,194,7.896,"2011-01-17 14:55:00",0.183,0.058,0.025,0,0,0,0.029,273.4,283.7,281.6,0,0.225,1
"2011-01-17 15:30:00",1639,7.45,7.41,9.06,23.12,9.35,9.39,9.31,87.3,83.1,83.2,221.4,550.5,1020,31.19,4.385,348.3,361.5,26.8,-13.2,13.61,0.147,0.299,0.349,"NAN","NAN",-59.85,2.816,3.811,3.967,4.486,200.5,7.769,"2011-01-17 15:05:45",1,1,0.008,0,0,0,0.026,281.6,412.9,397.1,0.967,1,1
"2011-01-17 16:00:00",1640,7.385,7.434,8.96,23.1,9.14,9.35,9.23,90.6,85.3,84.8,221.8,630.5,1020,23.81,3.99,346.9,360.8,19.82,-13.91,5.918,0.195,0.407,0.442,"NAN","NAN",-59.97,2.711,3.857,3.912,4.424,196.6,8.1,"2011-01-17 15:32:45",0.892,1,0.05,0,0,0,0.003,278.9,337,326,1,1,1
"2011-01-17 16:30:00",1641,7.377,7.437,9.4,23.83,9.34,9.59,9.47,88.5,82.6,82.6,223.4,610.1,1020,6.747,1.941,350,361.9,4.805,-11.98,-7.171,0.299,0.532,0.455,"NAN","NAN",-60.22,2.53,3.588,3.737,4.249,201.9,6.633,"2011-01-17 16:00:45",0.4,0.875,0.042,0,0,0,0.004,275.5,306.2,293.6,1,1,1
"2011-01-17 17:00:00",1642,7.387,7.49,9.63,23.45,9.49,9.7,9.55,86,80.3,80.6,223.3,568.7,1020,6.511,1.314,351.1,362.5,5.197,-11.35,-6.151,0.204,0.606,0.457,"NAN","NAN",-60.54,3.505,4.665,4.613,5.308,212.1,11.77,"2011-01-17 16:58:45",0,0,0.042,0,0,0,0.004,274.1,287.8,278.9,1,1,1
"2011-01-17 17:30:00",1643,7.417,7.479,9.57,22.94,9.48,9.55,9.38,83.4,79.39,80,223.1,629,1020,1.355,0.48,350.9,361.8,0.875,-10.91,-10.03,0.146,0.606,0.476,"NAN","NAN",-60.75,3.94,5.343,5.255,6.07,215.8,10.78,"2011-01-17 17:07:15",0,0,0.017,0,0,0,0.004,273.4,284.3,274.1,0.6,1,1
"2011-01-17 18:00:00",1644,7.448,7.517,9.38,23.65,9.28,9.36,9.19,84.6,80.8,81.4,220.3,617.6,1020,-0.288,0.24,348.6,360.9,-0.528,-12.3,-12.83,0,0.634,0.528,"NAN","NAN",-60.99,3.628,4.849,4.713,5.48,217.8,9.42,"2011-01-17 17:30:30",0,0,0.033,0,0,0,0.004,273.4,280.9,274.1,0,1,1
"2011-01-17 18:30:00",1645,7.432,7.528,9.34,23.8,9.26,9.34,9.19,85.1,81.6,82.1,221.4,688.5,1020,-0.266,0.354,348.9,360.9,-0.62,-11.96,-12.58,0,0.723,0.622,"NAN","NAN",-61.21,3.529,4.564,4.528,5.277,217.6,9.77,"2011-01-17 18:03:45",0,0,0.008,0,0,0,0.004,273.4,277.5,274.1,0,1,1
"2011-01-17 19:00:00",1646,7.407,7.57,9.25,23.74,9.21,9.28,9.1,85.6,82.3,82.8,221.4,650.3,1021,-0.591,0.428,334.6,360.4,-1.019,-25.76,-26.78,0,0.759,0.678,"NAN","NAN",-61.44,3.514,4.696,4.601,5.368,217.3,10.22,"2011-01-17 18:55:45",0,0,0.058,0,0,0,0.003,273.1,274.1,274.1,0,1,1
"2011-01-17 19:30:00",1647,7.454,7.576,9.14,23.79,9.1,9.2,9.05,86.6,83.3,83.7,218.7,629.1,1021,-0.583,0.616,335.8,359.9,-1.2,-24.14,-25.34,0,0.772,0.71,"NAN","NAN",-61.6,3.776,4.926,4.792,5.574,217,9.62,"2011-01-17 19:06:45",0,0,0.033,0,0,0,0.003,273.4,272,274.1,0,0,1
"2011-01-17 20:00:00",1648,7.436,7.566,9.07,23.78,9.14,9.17,9.01,87.2,84,84.4,218,630.9,1021,-0.572,0.546,351.3,360.4,-1.118,-9.07,-10.19,0,0.779,0.714,"NAN","NAN",-61.8,3.334,4.53,4.477,5.19,216.6,10.28,"2011-01-17 19:30:30",0.075,0,0.05,0,0,0,0.003,273.4,275.5,280.9,0,0.3,1
"2011-01-17 20:30:00",1649,7.465,7.586,8.56,23.69,8.93,8.93,8.78,89,86.2,86.5,219.5,685.7,1021,-0.517,0.849,351.7,359.4,-1.366,-7.699,-9.06,0,0.82,0.694,"NAN","NAN",-62.04,3.401,4.34,4.022,4.832,224.5,8.22,"2011-01-17 20:14:00",0.783,0.65,0.042,0,0,0,0.003,277.5,300.8,330.8,0.7,1,1
"2011-01-17 21:00:00",1650,7.435,7.583,8.45,23,8.72,8.73,8.57,91.5,88.7,88.8,219.5,556.9,1021,-1.259,0.69,350.7,358.4,-1.949,-7.754,-9.7,0,0.83,0.705,"NAN","NAN",-62.25,2.968,3.775,3.451,4.131,232,8.02,"2011-01-17 20:58:45",1,0.792,0.025,0,0,0,0.002,274.8,273.4,278.2,1,0.867,1
"2011-01-17 21:30:00",1651,7.468,7.568,8.49,23.41,8.72,8.71,8.55,91.5,89,89.1,217.8,590.6,1022,-0.867,1.196,351.1,358.3,-2.063,-7.244,-9.31,0,0.817,0.699,"NAN","NAN",-62.34,2.549,3.317,3.058,3.706,231.2,6.712,"2011-01-17 21:02:15",0.958,0,0.033,0,0,0,0.002,274.1,272.4,274.8,1,0.325,1
"2011-01-17 22:00:00",1652,7.457,7.564,8.62,23.8,8.77,8.76,8.61,91.7,89.2,89.3,219.7,630.8,1022,-0.653,0.838,352.1,358.6,-1.491,-6.478,-7.969,0,0.82,0.699,"NAN","NAN",-62.49,2.327,3.024,2.711,3.198,244.3,6.127,"2011-01-17 21:58:30",0,0,0.025,0,0,0,0.002,274.1,273.4,275.5,0.808,0.425,1
"2011-01-17 22:30:00",1653,7.476,7.6,8.32,23.79,8.57,8.5,8.34,92.4,89.9,89.8,221.4,621.7,1022,-1.178,0.834,349.4,357.4,-2.012,-7.996,-10.01,0,0.809,0.701,"NAN","NAN",-62.66,2.338,3.272,3.313,3.761,267.1,7.607,"2011-01-17 22:10:00",0.725,0.775,0.042,0,0,0,0.002,274.8,273.4,282.7,1,0.883,1
"2011-01-17 23:00:00",1654,7.431,7.578,8.27,23.76,8.37,8.37,8.23,91.6,88.3,88.3,220.4,674.8,1022,-0.568,0.705,343.8,356.5,-1.273,-12.73,-14,0,0.812,0.677,"NAN","NAN",-62.7,1.838,2.479,2.461,2.829,252.9,5.975,"2011-01-17 22:43:15",0,0.192,0.008,0,0,0,0.002,273.4,272.1,274.8,0.658,0,1
"2011-01-17 23:30:00",1655,7.443,7.575,8.27,23.79,8.3,8.37,8.22,90.6,86.2,86.3,218.2,621.9,1023,-0.273,0.664,342.6,356.3,-0.938,-13.69,-14.63,0,0.828,0.676,"NAN","NAN",-62.74,1.687,2.189,2.086,2.41,250.9,5.114,"2011-01-17 23:17:45",0,0,0.025,0,0,0,0.002,273.4,272.1,274.8,0,0,1
"2011-01-18 00:00:00",1656,7.465,7.597,8.25,23.84,8.15,8.34,8.21,90.6,85.8,86,218.3,661.3,1023,-0.388,0.65,342.1,356.1,-1.037,-13.97,-15.01,0,0.814,0.66,"NAN","NAN",-62.8,1.033,1.398,1.468,1.698,256,4.138,"2011-01-17 23:57:00",0,0,0.025,0,0,0,0.002,273.5,272.1,274.8,0,0,1
"2011-01-18 00:30:00",1657,7.497,7.597,7.985,23.77,7.916,7.863,7.674,91.1,87.5,88.2,212.6,657.6,1023,-0.76,-0.063,344,354.1,-0.698,-10.13,-10.83,0.197,0.811,0.637,"NAN","NAN",-62.76,1.656,2.296,2.36,2.733,306.7,5.595,"2011-01-18 00:05:15",0,0,0.025,0,0,0,0.002,273.5,272.1,274.8,0,0,1
"2011-01-18 01:00:00",1658,7.501,7.605,6.909,23.74,6.995,6.801,6.61,93.5,91.7,92,204.5,650.1,1023,-0.812,-0.199,339.5,349.5,-0.613,-9.93,-10.54,0.212,0.807,0.606,"NAN","NAN",-62.74,1.396,1.95,2.063,2.389,325.6,4.851,"2011-01-18 00:35:00",0,0,0.017,0,0,0,0.001,273.5,272.1,274.8,0,0,1
"2011-01-18 01:30:00",1659,7.494,7.615,6.681,23.78,6.86,6.714,6.546,93.8,91.3,91.1,202.8,634.8,1023,-0.406,0.465,338.7,348.9,-0.871,-10.2,-11.07,0,0.778,0.557,"NAN","NAN",-62.71,0.506,0.601,0.641,0.764,281.1,2.356,"2011-01-18 01:00:45",0,0,0.033,0,0,0,0.001,273.5,272.1,274.8,0,0,1
"2011-01-18 02:00:00",1660,7.535,7.612,6.681,23.79,6.811,6.734,6.633,94.1,90.6,90.1,199.2,607.2,1023,-0.037,0.55,342.6,348.9,-0.587,-6.31,-6.897,0,0.764,0.522,"NAN","NAN",-62.69,0.264,0.326,0.342,0.483,246.4,1.238,"2011-01-18 01:33:45",0,0,0.017,0,0,0,0.001,273.5,272.1,274.8,0,0,1
"2011-01-18 02:30:00",1661,7.507,7.617,6.745,23.81,6.828,6.759,6.657,94.7,90.6,90.2,198,648.7,1023,-0.015,0.461,344.4,349,-0.476,-4.577,-5.053,0,0.759,0.474,"NAN","NAN",-62.69,0.215,0.326,0.323,0.469,251.2,0.851,"2011-01-18 02:27:30",0.058,0.042,0.017,0,0,0,0.001,274.8,279.6,302.2,0.042,0.05,1
"2011-01-18 03:00:00",1662,7.482,7.6,6.53,23.8,6.673,6.625,6.556,96.5,92.1,91.2,200.7,701.8,1023,-1.211,1.03,344.8,347.9,-2.241,-3.082,-5.323,0,0.757,0.459,"NAN","NAN",-62.58,0.322,0.4,0.403,0.533,294.5,1.28,"2011-01-18 02:57:30",1,1,0.008,0,0,0,0.001,281.7,417,313.1,1,1,1
"2011-01-18 03:30:00",1663,7.5,7.595,6.283,23.77,6.474,6.362,6.337,98.2,94.3,92.8,202.5,749.4,1023,-1.115,1.059,340.6,346.8,-2.174,-6.224,-8.4,0,0.714,0.456,"NAN","NAN",-62.42,0.892,1.27,1.444,1.576,31.44,2.151,"2011-01-18 03:29:15",1,1,0,0,0,0,0.001,281,410.9,291.9,1,1,1
"2011-01-18 04:00:00",1664,7.473,7.583,6.172,23.74,6.339,6.22,6.129,98.5,95.1,93.8,209.8,853,1023,-0.897,0.683,343.7,346.3,-1.58,-2.631,-4.211,0,0.642,0.455,"NAN","NAN",-62.23,1.237,1.609,1.13,1.892,101.6,2.68,"2011-01-18 03:37:00",1,1,0,0,0,0,0.001,281,403.4,281,1,1,1
"2011-01-18 04:30:00",1665,7.505,7.557,6.196,23.81,6.313,6.232,6.126,98.5,95.1,93.9,205.3,813,1023,-0.738,0.62,343.1,346.3,-1.358,-3.139,-4.497,0,0.61,0.452,"NAN","NAN",-62.09,1.176,1.61,1.265,2.004,107.2,2.789,"2011-01-18 04:25:30",1,1,0,0,0,0,0.001,280.3,396.2,281.7,1,1,1
"2011-01-18 05:00:00",1666,7.486,7.552,6.201,23.76,6.35,6.246,6.115,98.6,95.5,94.7,204.7,802,1022,-0.45,0.679,344.4,346.4,-1.13,-1.999,-3.128,0,0.606,0.432,"NAN","NAN",-61.89,1.381,1.877,1.337,2.218,107.1,3.475,"2011-01-18 05:00:00",1,1,0,0.161,0.158,0.768,0.001,289.9,529.2,475.2,1,1,1
"2011-01-18 05:30:00",1667,7.499,7.538,6.065,23.71,6.223,6.111,5.944,99.6,96.7,96.4,207.5,777.9,1022,-0.085,0.491,343,345.7,-0.576,-2.694,-3.27,0,0.606,0.377,"NAN","NAN",-61.6,1.636,2.304,1.793,2.729,101.4,3.94,"2011-01-18 05:03:45",1,1,0.017,0.483,0.554,0.512,0.001,289.2,423.9,410.9,1,1,1
"2011-01-18 06:00:00",1668,7.561,7.545,6.175,23.64,6.28,6.184,5.987,99.7,97.7,97.6,208.9,826,1022,0.063,0.277,345.7,346.1,-0.214,-0.441,-0.655,0,0.6,0.308,"NAN","NAN",-61.38,1.687,2.405,2.366,2.824,127.2,4.328,"2011-01-18 05:42:45",1,1,0.008,0.081,0.079,0,0,287.2,314.5,320,1,1,1
"2011-01-18 06:30:00",1669,7.513,7.515,6.56,23.6,6.458,6.56,6.42,99.7,98.3,98,240,836,1021,0.151,0.406,346.5,347.7,-0.255,-1.225,-1.479,0.021,0.528,0.215,"NAN","NAN",-61.26,1.554,2.251,2.639,2.698,145.4,4.042,"2011-01-18 06:07:45",1,1,0.017,0,0.079,0,0,286.5,308.7,309.7,1,1,1
"2011-01-18 07:00:00",1670,7.452,7.514,6.796,23.63,6.657,6.784,6.655,99.7,98.5,98,226.3,896,1021,0.055,0.31,347.5,348.7,-0.255,-1.197,-1.452,0,0.465,0.168,"NAN","NAN",-61.16,1.375,1.984,2.262,2.408,172.3,4.135,"2011-01-18 06:57:45",1,1,0.008,0,0,0,0,289.9,333.7,339.8,1,1,1
"2011-01-18 07:30:00",1671,7.511,7.49,7.325,23.62,7.011,7.392,7.24,99.7,98.6,98.3,229.6,872,1021,-0.004,0.65,347.8,351.4,-0.653,-3.524,-4.178,0.004,0.409,0.154,"NAN","NAN",-61.2,1.674,2.337,2.321,2.71,225.7,4.912,"2011-01-18 07:07:00",1,1,0.008,0.403,0.317,0.512,0,290.6,343.9,328.2,1,1,1
"2011-01-18 08:00:00",1672,7.502,7.47,7.197,23.61,6.737,7.389,7.227,99.7,98.3,98.8,234.5,869,1021,-1.045,1.451,339.6,350.6,-2.495,-10.93,-13.42,0,0.335,0.153,"NAN","NAN",-61.26,0.933,1.31,1.29,1.533,251.1,2.551,"2011-01-18 07:30:15",1,1,0,0.081,0.079,0,0,300.9,361,314.5,1,1,1
"2011-01-18 08:30:00",1673,7.422,7.472,7.17,23.6,6.496,7.192,7.051,99.7,98,98.9,234.2,847,1022,-0.103,0.893,346.9,350,-0.997,-3.155,-4.151,0.008,0.307,0.152,"NAN","NAN",-61.39,0.599,0.981,1.152,1.297,268.8,2.281,"2011-01-18 08:07:45",1,1,0.017,0,0,0,0,302.9,309.1,307,1,1,1
"2011-01-18 09:00:00",1674,7.494,7.473,7.224,23.61,6.582,7.178,7.05,99.7,97.8,99,235.5,784.2,1022,2.617,0.867,349.2,350.4,1.75,-1.181,0.568,0.269,0.298,0.153,"NAN","NAN",-61.58,0.438,0.792,0.814,0.981,247.3,1.917,"2011-01-18 08:44:00",1,1,0.025,0,0,0,0,303.6,300.9,302.9,1,1,1
"2011-01-18 09:30:00",1675,7.501,7.476,7.405,23.66,6.764,7.268,7.033,99.7,97.6,99.3,240.7,822,1022,31.34,3.245,350.2,351.3,28.1,-1.061,27.04,0.116,0.26,0.144,"NAN","NAN",-61.71,0.627,0.968,0.904,1.11,245.8,1.945,"2011-01-18 09:18:00",1,1,0.033,0,0,0,0.005,304.3,377.4,391.1,1,1,1
"2011-01-18 10:00:00",1676,7.496,7.449,7.169,23.66,6.98,7.06,6.836,99.7,97.8,99.1,239.5,856,1022,11.16,1.255,348.9,350.5,9.9,-1.612,8.29,0.122,0.198,0.135,"NAN","NAN",-61.88,0.973,1.303,1.461,1.657,279.2,3.013,"2011-01-18 09:35:00",1,1,0,0.725,0.554,1.024,0,311.5,507.4,497.1,1,1,1
"2011-01-18 10:30:00",1677,7.447,7.421,6.932,23.44,6.977,6.879,6.638,99.7,98,99.1,248.1,904,1022,19.79,1.879,345.6,349.8,17.91,-4.229,13.69,0.099,0.168,0.123,"NAN","NAN",-62.03,1.156,1.576,1.633,1.848,274.1,3.946,"2011-01-18 10:24:45",1,1,0.008,1.128,1.029,1.024,0.003,310.4,457.1,459.5,1,1,1
