"TOA5","WXT_EEN","CR2xx","No_SN","CR200X.Std.01","WXT520 Meteo CR200_str.CR2","60057","KwartierW"
"TIMESTAMP","RECORD","batt_volt_Min","WRichting_Avg","WSnelheid_Avg","WMaxSnelh_Max","LTemp_Avg","RV_Avg","Baro_Avg","Neerslag","N_Duur","Hagel","H_Duur","SlrkW_Avg","SlrkJ_Tot"
"TS","RN","","","","","","","","","","","","",""
"","","Min","Avg","Avg","Max","Avg","Avg","Avg","Smp","Smp","Smp","Smp","Avg","Tot"
"2011-01-10 15:00:00",0,12.04595,221.5,0.1,0.2,23.1,38.4,1016.3,0,0,0,0,5.070639,-19.01477
"2011-01-10 15:15:00",1,12.00733,218.9,0.09999998,0.5,23.15334,38.56333,1016.216,0,0,0,0,1.690213,-4354.41
"2011-01-10 15:30:00",2,12.00649,217.5,1.299999,88.4,23.20001,38.59666,1016.043,0,0,0,0,3.295914,-7434.824
"2011-01-10 15:45:00",3,12.02664,211.3,0.1066666,2.4,23.23334,38.60667,1015.964,0,0,0,0,2.746595,-5172.051
"2011-01-10 16:00:00",4,11.99642,218.2,0.4700004,88.4,23.24,38.78333,1015.867,0,0,0,0,0.6338298,-8765.864
"2011-01-10 16:15:00",5,12.00817,221.6333,0.1066666,1.9,23.29999,38.61,1015.716,0,0,0,0,0.4648086,-10306.07
"2011-01-10 16:30:00",6,12.00985,211.3,0.1133333,3.4,23.29999,38.60667,1015.57,0,0,0,0,1.774723,-10591.3
"2011-01-10 16:45:00",7,12.05014,212.1667,0.09999998,0.3,23.11,38.80001,1015.394,0,0,0,0,0,-16390.84
"2011-01-10 17:00:00",8,12.0535,220.1333,1.776666,88.4,22.73,39.02999,1015.213,0,0,0,0,0,-16010.54
"2011-01-10 17:15:00",9,12.0535,227.4333,0.8333337,88.4,22.49,39.27334,1015.087,0,0,0,0,0,-15991.53
"2011-01-10 17:30:00",10,12.05014,237.6,0.09999998,0.2,22.12,39.78001,1014.987,0,0,0,0,0,-18406.41
"2011-01-10 17:45:00",11,12.05182,235.8667,0.09999998,0.2,21.78333,40.29667,1014.953,0,0,0,0,0,-20022.68
"2011-01-10 18:00:00",12,12.0535,235,2.256666,88.4,21.39,41.13,1014.924,0,0,0,0,0,-18178.23
"2011-01-10 18:15:00",13,12.05182,231.1,0.9300004,88.4,20.94333,42.05334,1014.72,0,0,0,0,0,-19281.1
"2011-01-10 18:30:00",14,12.0535,230.2,0.09666665,0.2,20.55001,42.65334,1014.464,0,0,0,0,0,-17759.91
"2011-01-10 18:45:00",15,12.05686,240.8333,0.09999998,0.2,20.20667,43.35667,1014.226,0,0,0,0,0,-17284.54
"2011-01-10 19:00:00",16,12.05434,224.6,2.583333,88.4,19.88666,44.02666,1013.854,0,0,0,0,0,-18596.56
"2011-01-10 19:15:00",17,12.05686,260.4333,1.239999,88.4,19.65,44.40999,1013.81,0,0,0,0,0,-20421.99
"2011-01-10 19:30:00",18,12.05686,251.6333,0.09333332,0.2,19.63,44.64333,1013.874,0,0,0,0,0,-18691.64
"2011-01-10 19:45:00",19,12.0577,272.1,0.09999998,0.2,19.70001,44.37001,1013.733,0,0,0,0,0,-19604.35
"2011-01-10 20:00:00",20,12.0535,281.3333,0.09999998,0.2,19.61,44.41667,1013.59,0,0,0,0,0,-18064.14
"2011-01-10 20:15:00",21,12.05518,298.2667,0.65,88.4,19.44667,44.69001,1013.377,0,0,0,0,0,-19604.35
"2011-01-10 20:30:00",22,12.05686,307.3,3.763332,88.4,19.24,45.1,1013.123,0,0,0,0,0,-16847.19
"2011-01-10 20:45:00",23,12.05602,300.8667,3.953332,88.4,19.01334,45.58333,1013,0,0,0,0,0,-19908.59
"2011-01-10 21:00:00",24,12.05434,296.1333,1.753332,88.4,18.74334,46.20333,1012.904,0,0,0,0,0,-22361.51
"2011-01-10 21:15:00",25,12.05518,324.1,0.09999998,0.2,18.41666,46.93999,1012.77,0,0,0,0,0,-18976.86
"2011-01-10 21:30:00",26,12.05434,313.1667,1.063334,88.4,18.13333,47.56334,1012.533,0,0,0,0,0,-15858.42
"2011-01-10 21:45:00",27,12.05686,311.4,0.09999998,0.2,17.87333,48.10665,1012.347,0,0,0,0,0,-18843.76
"2011-01-10 22:00:00",28,12.05182,300.7667,0.09999998,0.2,17.69333,48.42666,1012.173,0,0,0,0,0,-17227.49
"2011-01-10 22:15:00",29,12.05518,315.4,0.09999998,0.2,17.47333,48.91667,1012.136,0,0,0,0,0,-16124.63
"2011-01-10 22:30:00",30,12.06022,311.3,3.079999,88.4,17.34333,49.17333,1011.964,0,0,0,0,0,-20574.11
"2011-01-10 22:45:00",31,12.05938,305.8333,2.529999,88.4,17.20667,49.42334,1011.69,0,0,0,0,0,-19737.46
"2011-01-10 23:00:00",32,12.05854,298.2333,0.09999998,0.2,17.11,49.51666,1011.43,0,0,0,0,0,-18748.68
"2011-01-10 23:15:00",33,12.0577,295.6333,0.09999998,0.2,17.01333,49.63,1011.223,0,0,0,0,0,-18615.58
"2011-01-10 23:30:00",34,12.05434,294.8333,0.09999998,0.2,17,49.57,1011.017,0,0,0,0,0,-18235.28
"2011-01-10 23:45:00",35,12.05098,296.4667,0.09999998,0.2,16.90666,49.69666,1010.82,0,0,0,0,0,-20612.14
"2011-01-11 00:00:00",36,12.05854,296.6,3.676666,88.4,16.87666,49.76002,1010.746,0,0,0,0,0,-19642.38
"2011-01-11 00:15:00",37,12.05938,298.6667,0.09999998,0.2,16.8,49.85668,1010.413,0,0,0,0,0,-15858.42
"2011-01-11 00:30:00",38,12.05938,305.2667,0.09999998,0.2,16.67667,50.04665,1009.974,0,0,0,0,0,-15573.2
"2011-01-11 00:45:00",39,12.06106,297.7333,0.09666665,0.2,16.53,50.43333,1009.72,0,0,0,0,0,-15383.04
"2011-01-11 01:00:00",40,12.05602,321.8,0.09999998,0.2,16.27667,50.96999,1009.417,0,0,0,0,0,-13690.72
"2011-01-11 01:15:00",41,12.06022,313.7,0.09999998,0.2,16.01333,51.54333,1009.11,0,0,0,0,0,-15839.41
"2011-01-11 01:30:00",42,12.06274,313.1,0.4666667,88.4,15.84333,51.92667,1008.823,0,0,0,0,0,-16124.63
"2011-01-11 01:45:00",43,12.0577,312.7667,2.946666,88.4,15.73334,52.02999,1008.397,0,0,0,0,0,-17037.34
"2011-01-11 02:00:00",44,12.05938,316.5,1.063334,88.4,15.7,52.03333,1007.783,0,0,0,0,0,-17075.37
"2011-01-11 02:15:00",45,12.0577,314.7,1.43,88.4,15.65,51.94001,1007.276,0,0,0,0,0,-18102.18
"2011-01-11 02:30:00",46,12.05938,313.7667,0.09999998,0.2,15.6,51.85335,1007.08,0,0,0,0,0,-16010.54
"2011-01-11 02:45:00",47,12.05938,313.4333,0.09999998,0.2,15.6,51.79001,1006.726,0,0,0,0,0,-15364.03
"2011-01-11 03:00:00",48,12.06106,312.8333,0.09999998,0.2,15.55,51.78001,1006.643,0,0,0,0,0,-15440.09
"2011-01-11 03:15:00",49,12.05938,320.6333,0.09999998,0.2,15.5,51.81668,1006.343,0,0,0,0,0,-14375.26
"2011-01-11 03:30:00",50,12.0577,325.5333,0.09999998,0.2,15.45666,51.87667,1006.13,0,0,0,0,0,-17132.42
"2011-01-11 03:45:00",51,12.05854,332.0667,0.09999998,0.2,15.4,51.88335,1005.6,0,0,0,0,0,-17988.09
"2011-01-11 04:00:00",52,12.0619,331.7667,0.09999998,0.2,15.4,51.87335,1005.213,0,0,0,0,0,-18482.48
"2011-01-11 04:15:00",53,12.06441,324.6333,0.09999998,0.2,15.32666,51.83001,1004.97,0,0,0,0,0,-15668.27
"2011-01-11 04:30:00",54,12.0619,321.9,0.09999998,0.2,15.3,51.82668,1004.663,0,0,0,0,0,-17854.98
"2011-01-11 04:45:00",55,12.05938,314.4667,0.09999998,0.2,15.3,51.74999,1004.246,0,0,0,0,0,-16619.01
"2011-01-11 05:00:00",56,12.06106,314.3667,0.09999998,0.2,15.22334,51.71333,1003.81,0,0,0,0,0,-17912.03
"2011-01-11 05:15:00",57,12.06441,318.6333,0.09999998,0.2,15.2,51.71999,1003.297,0,0,0,0,0,-15706.3
"2011-01-11 05:30:00",58,12.05854,317.4333,0.09999998,0.2,15.2,51.62999,1002.757,0,0,0,0,0,-14660.48
"2011-01-11 05:45:00",59,12.0619,323.4,0.09999998,0.2,15.16334,51.58665,1002.337,0,0,0,0,0,-15268.96
"2011-01-11 06:00:00",60,12.06022,311.2,0.09999998,0.2,15.15,51.57,1001.997,0,0,0,0,0.6760852,-15820.39
"2011-01-11 06:15:00",61,12.06106,229.6,0.08,0.2,15.57667,50.70332,1001.59,0,0,0,0,0,-15782.36
"2011-01-11 06:30:00",62,12.06274,206.8333,0.08666666,0.2,15.87667,50.43334,1001.203,0,0,0,0,0,-14698.51
"2011-01-11 06:45:00",63,12.06022,202.9,0.45,88.4,16.28666,49.83,1000.75,0,0,0,0,0,-12663.92
"2011-01-11 07:00:00",64,12.0577,203.2333,1.139999,88.4,16.67333,49.02,1000.344,0,0,0,0,0,-14052
"2011-01-11 07:15:00",65,12.05266,181.4,0.09999998,0.2,17.14334,47.97333,1000.116,0,0,0,0,0,-13861.86
"2011-01-11 07:30:00",66,12.05686,175.9,0.09666665,0.2,17.59667,47.12334,1000.007,0,0,0,0,0,-14603.44
"2011-01-11 07:45:00",67,12.0619,182.1333,0.09999998,0.2,17.96333,46.55333,1000.057,0,0,0,0,0,-13234.36
"2011-01-11 08:00:00",68,12.05938,181.7667,0.1066666,2.1,18.21,46.47335,1000.287,0,0,0,0,0,-15915.46
"2011-01-11 08:15:00",69,12.05938,181.1667,0.5666668,55.6,18.47333,46.26333,1000.226,0,0,0,0,0,-13177.32
"2011-01-11 08:30:00",70,12.05602,182,0.09666665,0.2,18.64667,45.74999,1000.11,0,0,0,0,0,-13614.66
"2011-01-11 08:45:00",71,12.05518,177.9,0.09999998,2.4,18.85667,45.39667,1000.15,0,0,0,0,0,-16200.69
"2011-01-11 09:00:00",72,12.05602,188.4667,0.09999998,0.2,19.03333,44.99001,1000.027,0,0,0,0,0,-14375.26
"2011-01-11 09:15:00",73,12.0577,210.1,0.09999998,0.2,19.47,44.38667,999.8536,0,0,0,0,0,-16561.97
"2011-01-11 09:30:00",74,12.05266,218.6667,0.4666667,88.4,20.37333,43.06334,999.7366,0,0,0,0,0,-13158.3
"2011-01-11 09:45:00",75,12.05266,219.4,2.133332,88.5,21.11,42.83333,999.6964,0,0,0,0,0,-12131.5
"2011-01-11 10:00:00",76,12.05518,217.8333,0.09999998,0.2,21.75333,42.26,999.6631,0,0,0,0,0,-11922.34
"2011-01-11 10:15:00",77,12.05266,215.3667,0.1133333,2.3,22.23667,41.43666,999.6064,0,0,0,0,0,-13804.81
"2011-01-11 10:30:00",78,12.05182,220.8333,0.09999998,0.2,22.62,40.65667,999.5997,0,0,0,0,0,-13899.89
"2011-01-11 10:45:00",79,12.0493,218.7,2.006666,88.4,22.91333,40.19334,999.747,0,0,0,0,0,-15820.39
"2011-01-11 11:00:00",80,12.05014,217.0333,1.799999,88.4,23.11,39.52333,1000.02,0,0,0,0,0,-10477.2
"2011-01-11 11:15:00",81,12.05098,220.8667,0.09999998,0.2,23.23666,39.39,1000.093,0,0,0,0,0,-12606.87
"2011-01-11 11:30:00",82,12.05182,220.6667,0.9333335,88.4,23.43333,39.39,1000.106,0,0,0,0,0,-13481.56
"2011-01-11 11:45:00",83,12.04595,218.9,1.433334,88.4,23.64667,39.53,1000.086,0,0,0,0,0,-12454.75
"2011-01-11 12:00:00",84,12.04595,223.0667,1.213333,56.5,23.87,39.38,1000.063,0,0,0,0,0.1690211,-11237.8
"2011-01-11 12:15:00",85,12.04847,219.4333,0.09999998,0.2,23.96,38.60667,1000.183,0,0,0,0,0,-10287.05
"2011-01-11 12:30:00",86,12.05266,220.2667,0.09999998,0.2,24.03333,38.45333,1000.357,0,0,0,0,0,-10781.44
"2011-01-11 12:45:00",87,12.04763,217.2667,0.09666665,0.2,24.18001,38.04333,1000.324,0,0,0,0,0,-10039.86
"2011-01-11 13:00:00",88,12.05014,213.3,0.466667,88.4,24.20001,37.45334,1000.463,0,0,0,0,0,-9982.817
"2011-01-11 13:15:00",89,12.04847,213.6667,0.466667,88.4,24.20001,37.14667,1000.596,0,0,0,0,0,-11637.11
"2011-01-11 13:30:00",90,12.05014,215.6,0.09999999,0.7,24.28333,37.49334,1000.74,0,0,0,0,0,-9944.79
"2011-01-11 13:45:00",91,12.0493,216.2333,0.09999998,0.2,24.37334,37.62334,1000.844,0,0,0,0,0,-11161.74
"2011-01-11 14:00:00",92,12.05014,221.4667,0.09999998,0.2,24.48333,37.54667,1001.06,0,0,0,0,0.1690211,-8708.82
"2011-01-11 14:15:00",93,12.04847,219.5333,1.299999,88.4,24.62334,37.37,1001.254,0,0,0,0,0.2535321,-7092.555
"2011-01-11 14:30:00",94,12.04763,218.2667,0.09999998,0.2,24.74333,37.22001,1001.553,0,0,0,0,0.1690211,-7701.031
"2011-01-11 14:45:00",95,12.04679,222.1,0.4700002,88.4,24.86334,37.13667,1001.81,0,0,0,0,0.6338298,-8556.701
"2011-01-11 15:00:00",96,12.04847,224.2667,0.09999998,0.3,24.95333,37.08,1001.99,0,0,0,0,0,-14147.08
"2011-01-11 15:15:00",97,12.04595,219.0333,1.43,88.4,25,37.84667,1002.23,0,0,0,0,0,-12435.74
"2011-01-11 15:30:00",98,12.04847,220.9333,0.09999998,0.2,25.07999,38.58334,1002.546,0,0,0,0,0,-12797.02
"2011-01-11 15:45:00",99,12.0493,225.1,0.4666669,88.4,24.98667,36.88,1002.754,0,0,0,0,0,-12264.6
"2011-01-11 16:00:00",100,12.0493,217.8667,0.09333332,0.2,24.36667,37.01,1003.06,0,0,0,0,0,-16295.76
"2011-01-11 16:15:00",101,12.0493,227.5,0.8833336,88.4,23.71334,37.98667,1003.42,0,0,0,0,0,-13975.94
"2011-01-11 16:30:00",102,12.05266,222.1,0.09666665,0.2,23.11334,39.17,1003.784,0,0,0,0,0,-16904.24
"2011-01-11 16:45:00",103,12.05098,211.2333,0.1066666,2.9,22.64667,40.22667,1004.09,0,0,0,0,0,-17246.51
"2011-01-11 17:00:00",104,12.05266,213.9333,0.08999999,0.2,23.00334,39.96333,1004.627,0,0,0,0,0,-18653.61
"2011-01-11 17:15:00",105,12.05098,224.2,0.09333332,0.2,23.72,38.42667,1005.273,0,0,0,0,0,-16295.76
"2011-01-11 17:30:00",106,12.05098,219.2667,0.08333333,0.2,23.74333,38.11666,1005.663,0,0,0,0,0,-17474.69
"2011-01-11 17:45:00",107,12.05098,221.6667,0.09999998,0.2,23.37667,38.52,1006.103,0,0,0,0,0,-18330.36
"2011-01-11 18:00:00",108,12.05182,225.8667,2.633332,88.4,22.92,39.16667,1006.433,0,0,0,0,0,-15345.02
"2011-01-11 18:15:00",109,12.0535,234.2667,3.199999,88.4,22.47,39.85667,1006.697,0,0,0,0,0,-18273.31
"2011-01-11 18:30:00",110,12.05182,244.2,0.09999998,0.2,22.03667,40.60334,1007.17,0,0,0,0,0,-16162.66
"2011-01-11 18:45:00",111,12.05182,253.2667,0.09999998,0.2,21.67334,41.14667,1007.51,0,0,0,0,0,-18957.85
"2011-01-11 19:00:00",112,12.05182,243.6,1.933333,88.4,21.35999,41.81001,1007.77,0,0,0,0,0,-17189.46
"2011-01-11 19:15:00",113,12.0535,249.4667,0.09666665,0.2,21.07667,42.40667,1008.237,0,0,0,0,0,-16695.07
"2011-01-11 19:30:00",114,12.0535,253.4333,0.09333332,0.2,20.80333,43.03333,1008.667,0,0,0,0,0,-19033.91
"2011-01-11 19:45:00",115,12.05602,247.4,0.08333333,0.2,20.58334,43.46999,1009.137,0,0,0,0,0,-18558.54
"2011-01-11 20:00:00",116,12.05686,269.1333,2.3,88.4,20.37666,43.77,1009.543,0,0,0,0,0,-16828.18
"2011-01-11 20:15:00",117,12.05602,271.2,1.053334,88.4,20.19667,44.03666,1009.943,0,0,0,0,0,-17626.8
"2011-01-11 20:30:00",118,12.05602,287.7,0.09999998,0.2,20.04333,44.27334,1010.2,0,0,0,0,0,-19585.34
"2011-01-11 20:45:00",119,12.0577,294.5333,2.026666,88.4,19.89666,44.50332,1010.424,0,0,0,0,0,-18672.62
"2011-01-11 21:00:00",120,12.05434,294.7,4.32,88.4,19.72,44.84667,1010.717,0,0,0,0,0,-17208.48
"2011-01-11 21:15:00",121,12.05266,305.7333,1.063334,88.4,19.52,45.27333,1011.147,0,0,0,0,0,-17512.71
"2011-01-11 21:30:00",122,12.0577,311.7333,0.09999998,0.2,19.27001,45.82334,1011.543,0,0,0,0,0,-16162.66
"2011-01-11 21:45:00",123,12.05434,283.3667,0.09999998,0.2,19.04333,46.25668,1011.777,0,0,0,0,0,-16466.9
"2011-01-11 22:00:00",124,12.05266,292.4667,0.09666665,0.2,18.84999,46.66002,1011.99,0,0,0,0,0,-16181.67
"2011-01-11 22:15:00",125,12.05518,305.9333,0.09999998,0.2,18.65667,47.04999,1012.317,0,0,0,0,0,-19128.98
"2011-01-11 22:30:00",126,12.0577,300.9667,0.09666665,0.2,18.50333,47.30667,1012.586,0,0,0,0,0,-16295.76
"2011-01-11 22:45:00",127,12.05602,312.1333,0.09999998,0.2,18.34666,47.60332,1012.857,0,0,0,0,0,-18482.47
"2011-01-11 23:00:00",128,12.05854,313.3333,0.8333336,88.4,18.22334,47.86334,1012.957,0,0,0,0,0,-15934.48
"2011-01-11 23:15:00",129,12.05854,315.2333,0.09999998,0.2,18.10667,48.08665,1013.027,0,0,0,0,0,-19224.05
"2011-01-11 23:30:00",130,12.0577,311.7333,0.09999998,0.2,17.94666,48.35668,1013.123,0,0,0,0,0,-13785.79
"2011-01-11 23:45:00",131,12.05602,321.1667,0.09666665,0.2,17.85999,48.52666,1013.443,0,0,0,0,0,-14869.64
"2011-01-12 00:00:00",132,12.05434,324.9667,1.89,88.4,17.73001,48.78667,1013.787,0,0,0,0,0,-17341.58
"2011-01-12 00:15:00",133,12.0577,314.0667,3.763332,88.4,17.59334,49.04332,1014.17,0,0,0,0,0,-15877.43
"2011-01-12 00:30:00",134,12.05686,314.7333,0.09666665,0.2,17.43666,49.35334,1014.157,0,0,0,0,0,-15991.52
"2011-01-12 00:45:00",135,12.06022,306.8333,0.09666665,0.2,17.28333,49.68001,1014.333,0,0,0,0,0,-17550.74
"2011-01-12 01:00:00",136,12.0577,316.2667,0.2833334,44.2,17.18,49.88334,1014.4,0,0,0,0,0,-15573.19
"2011-01-12 01:15:00",137,12.05686,342.1333,0.09999998,0.2,17.05,50.13665,1014.523,0,0,0,0,0,-16295.76
"2011-01-12 01:30:00",138,12.0577,322.4,4.133332,88.4,16.94,50.35668,1014.83,0,0,0,0,0,-16295.76
"2011-01-12 01:45:00",139,12.05602,330.2667,0.926667,88.4,16.83666,50.51666,1014.867,0,0,0,0,0,-16409.85
"2011-01-12 02:00:00",140,12.0577,326.6,4.179999,88.4,16.76667,50.62665,1014.87,0,0,0,0,0,-17874
"2011-01-12 02:15:00",141,12.05938,314.3,0.09666665,0.2,16.7,50.74001,1014.95,0,0,0,0,0,-17398.63
"2011-01-12 02:30:00",142,12.06022,286,0.09999998,0.2,16.62,50.82001,1015.23,0,0,0,0,0,-17341.58
"2011-01-12 02:45:00",143,12.05266,328.3667,0.09999998,0.2,16.6,50.89335,1015.623,0,0,0,0,0,-18159.22
"2011-01-12 03:00:00",144,12.0577,302.4667,0.09999998,0.2,16.51333,50.96667,1015.807,0,0,0,0,0,-15839.4
"2011-01-12 03:15:00",145,12.05854,327.6333,0.09666665,0.2,16.5,51.04332,1016.027,0,0,0,0,0,-16942.27
"2011-01-12 03:30:00",146,12.05938,323.4,3.399999,88.4,16.40333,51.11999,1016.2,0,0,0,0,0,-17797.94
"2011-01-12 03:45:00",147,12.05602,318.1,0.696667,88.4,16.4,51.19999,1016.183,0,0,0,0,0,-20650.17
"2011-01-12 04:00:00",148,12.0577,323.2667,0.09999998,0.2,16.31666,51.26668,1016.19,0,0,0,0,0,-14603.44
"2011-01-12 04:15:00",149,12.0577,321.1667,0.09999998,0.2,16.3,51.30001,1016.153,0,0,0,0,0,-14413.29
"2011-01-12 04:30:00",150,12.05938,319.7,0.09999998,0.2,16.22334,51.39668,1016.1,0,0,0,0,0,-14679.5
"2011-01-12 04:45:00",151,12.05938,318.8,0.09999998,0.2,16.2,51.45,1016.183,0,0,0,0,0,-18957.85
"2011-01-12 05:00:00",152,12.0577,315.6667,3.723333,88.4,16.19667,51.5,1016.173,0,0,0,0,0,-16048.57
"2011-01-12 05:15:00",153,12.0577,320.8,0.09999998,0.2,16.11,51.5,1016.033,0,0,0,0,0,-15326
"2011-01-12 05:30:00",154,12.06106,323.7333,0.09999998,0.2,16.1,51.50333,1015.837,0,0,0,0,0,-16619.02
"2011-01-12 05:45:00",155,12.06106,327.1,0.09999998,0.2,16.1,51.50333,1015.643,0,0,0,0,0,-14926.69
"2011-01-12 06:00:00",156,12.06022,324.4,0.09999998,0.2,16.00333,51.57666,1015.444,0,0,0,0,0,-14793.59
"2011-01-12 06:15:00",157,12.05854,319.6667,0.09999998,0.2,16,51.58998,1015.33,0,0,0,0,0,-16542.96
"2011-01-12 06:30:00",158,12.06609,317.2667,0.4666667,44.3,16,51.59998,1015.226,0,0,0,0,0,-15991.52
"2011-01-12 06:45:00",159,12.06358,308.8667,1.796665,88.4,15.91666,51.68665,1015.067,0,0,0,0,0,-18007.1
"2011-01-12 07:00:00",160,12.05938,264.5333,0.09999998,0.2,15.97333,51.56334,1014.924,0,0,0,0,0,-17588.78
"2011-01-12 07:15:00",161,12.05938,217.6667,0.09666665,0.2,16.34667,50.66333,1014.867,0,0,0,0,0,-15230.93
"2011-01-12 07:30:00",162,12.0619,220.1,0.09333332,0.2,16.94333,49.18333,1014.93,0,0,0,0,0,-14375.26
"2011-01-12 07:45:00",163,12.05854,218.8667,0.09999998,0.2,17.66333,47.43333,1014.907,0,0,0,0,0,-15002.75
"2011-01-12 08:00:00",164,12.05854,222.9,0.09999998,0.2,18.39667,45.69,1014.683,0,0,0,0,0,-13329.44
"2011-01-12 08:15:00",165,12.05518,217.8667,0.4666668,88.4,19.04667,44.78333,1014.447,0,0,0,0,0,-15192.9
"2011-01-12 08:30:00",166,12.05434,220.5,0.09999998,0.2,19.61667,43.65333,1014.303,0,0,0,0,0,-14546.39
"2011-01-12 08:45:00",167,12.05518,223.8,0.09999998,0.2,20.19334,42.63666,1014.256,0,0,0,0,0,-15383.05
"2011-01-12 09:00:00",168,12.05518,222.7333,0.09999998,0.2,20.69001,41.48667,1014.203,0,0,0,0,0,-14698.51
"2011-01-12 09:15:00",169,12.05518,218.7333,0.9333334,88.4,21.13667,41.05666,1013.957,0,0,0,0,0,-14698.51
"2011-01-12 09:30:00",170,12.05518,219.6,0.7066669,88.4,21.59667,40.7,1013.713,0,0,0,0,0,-13937.92
"2011-01-12 09:45:00",171,12.05182,219.3,0.1033333,0.2,22.06,40.20333,1013.497,0,0,0,0,0,-11732.19
"2011-01-12 10:00:00",172,12.05602,221.2333,0.09999998,0.2,22.46333,39.86333,1013.424,0,0,0,0,0,-10895.53
"2011-01-12 10:15:00",173,12.05518,213.1667,1.166666,88.4,22.78667,40.12334,1013.26,0,0,0,0,0.2535321,-13804.81
"2011-01-12 10:30:00",174,12.01908,222.2333,0.09999998,0.2,23.07001,39.30333,1012.914,0,0,0,0,0,-9583.506
"2011-01-12 10:45:00",175,12.00901,216.7333,0.09999998,0.2,23.32334,38.84999,1012.767,0,0,0,0,1.26766,-6617.183
"2011-01-12 11:00:00",176,12.01069,218.8,0.09999998,0.2,23.44666,38.17334,1012.577,0,0,0,0,0.4648083,-7948.226
"2011-01-12 11:15:00",177,12.00649,219.9667,0.09999998,0.5,23.66334,38.10666,1012.226,0,0,0,0,0.2112766,-8708.82
"2011-01-12 11:30:00",178,12.01741,220.3,0.09999998,0.3,23.90667,38.07666,1012.076,0,0,0,0,0.2957872,-8632.761
"2011-01-12 11:45:00",179,12.01657,221.3,0.9333334,88.4,24.04333,37.70333,1012.16,0,0,0,0,0.2957872,-8975.028
"2011-01-12 12:00:00",180,12.01237,224.7667,0.8333337,88.4,24.2,37.38334,1011.957,0,0,0,0,1.183149,-9792.669
"2011-01-12 12:15:00",181,12.00649,215.8,0.09666665,0.4,24.27333,37.08,1011.703,0,0,0,0,0.6760848,-8385.566
"2011-01-12 12:30:00",182,12.01489,228.3667,0.1066666,2,24.36334,36.54668,1011.46,0,0,0,0,0,-10857.5
"2011-01-12 12:45:00",183,12.01489,230.1333,0.466667,88.4,24.42333,36.20667,1011.31,0,0,0,0,0,-11960.37
"2011-01-12 13:00:00",184,12.01992,216,0.09999998,0.4,24.39666,36.10333,1011.107,0,0,0,0,0.2957872,-9792.67
"2011-01-12 13:15:00",185,12.01237,222.4333,0.09999998,0.2,24.46999,36.9,1010.7,0,0,0,0,1.816979,-10268.04
"2011-01-12 13:30:00",186,12.01237,228.6667,1.306666,88.4,24.71,37,1010.733,0,0,0,0,1.521191,-5894.616
"2011-01-12 13:45:00",187,12.02328,226.9,0.09999998,0.2,24.95667,37.10334,1010.573,0,0,0,0,1.35217,-6255.899
"2011-01-12 14:00:00",188,12.02244,226.7,0.09999998,0.2,25.12,37.06,1010.327,0,0,0,0,0.8873618,-8632.76
"2011-01-12 14:15:00",189,12.0023,221.7333,0.8433335,88.4,25.23667,37.06,1010.263,0,0,0,0,0.7605959,-8994.043
"2011-01-12 14:30:00",190,12.00397,225.5667,0.09999998,0.2,25.34,37.26332,1010.23,0,0,0,0,0,-13348.45
"2011-01-12 14:45:00",191,12.00062,222,0.3533335,56.6,25.41,37.25999,1010.073,0,0,0,0,0.2535321,-12131.5
"2011-01-12 15:00:00",192,12.01321,225.3667,0.7133334,88.4,25.48667,37.16,1009.86,0,0,0,0,0.8028508,-10363.12
"2011-01-12 15:15:00",193,12.04259,221.9,0.1033333,0.3,25.58999,37.37667,1009.73,0,0,0,0,0,-11028.64
"2011-01-12 15:30:00",194,12.01069,219.5333,0.7033334,88.4,25.69667,37.38667,1009.597,0,0,0,0,0,-11408.94
"2011-01-12 15:45:00",195,12.00985,225.5,0.09999998,0.2,25.81,37.38667,1009.537,0,0,0,0,0.5070637,-9526.462
"2011-01-12 16:00:00",196,12.04091,228.9,0.7033335,88.4,25.90001,37.31667,1009.6,0,0,0,0,0,-12131.5
"2011-01-12 16:15:00",197,12.03503,222.7,0.09999998,0.2,25.99667,37.25,1009.6,0,0,0,0,0,-15135.86
"2011-01-12 16:30:00",198,12.00985,220.9333,0.7033336,88.4,26.05666,37.41667,1009.567,0,0,0,0,0,-16105.61
"2011-01-12 16:45:00",199,12.02496,221.8,0.7033335,88.4,26.09999,37.48333,1009.563,0,0,0,0,0,-17246.51
"2011-01-12 17:00:00",200,12.04511,225.7,0.81,56.7,26.09333,36.83999,1009.543,0,0,0,0,0,-15192.9
"2011-01-12 17:15:00",201,12.0493,230.4,0.09999998,0.2,25.87667,36.70667,1009.543,0,0,0,0,0,-19128.98
"2011-01-12 17:30:00",202,12.04847,227.2667,0.8833335,88.4,25.31333,37.24,1009.543,0,0,0,0,0,-17037.34
"2011-01-12 17:45:00",203,12.04763,231.3,0.09999998,0.2,24.67001,38.22667,1009.417,0,0,0,0,0,-17893.01
"2011-01-12 18:00:00",204,12.04763,232.1333,0.7,88.4,24.08,39.3,1009.45,0,0,0,0,0,-17398.63
"2011-01-12 18:15:00",205,12.05182,245.4667,0.8300003,88.4,23.55334,40.28667,1009.384,0,0,0,0,0,-17759.91
"2011-01-12 18:30:00",206,12.05182,247.2,2.116666,88.4,23.07001,41.20666,1009.307,0,0,0,0,0,-16923.25
"2011-01-12 18:45:00",207,12.05182,260.5,4.109999,88.4,22.61,42.13334,1009.267,0,0,0,0,0,-18273.31
"2011-01-12 19:00:00",208,12.0535,254.9333,0.08999999,0.2,22.24667,42.86,1009.2,0,0,0,0,0,-16029.55
"2011-01-12 19:15:00",209,12.05182,248.4333,0.09666665,0.2,21.94,43.45999,1009.143,0,0,0,0,0,-16885.23
"2011-01-12 19:30:00",210,12.0535,255.5333,3.463333,88.4,21.66333,44.00332,1009.096,0,0,0,0,0,-17455.67
"2011-01-12 19:45:00",211,12.05518,252.5333,1.066667,88.4,21.39999,44.48999,1009.027,0,0,0,0,0,-17854.98
"2011-01-12 20:00:00",212,12.05434,256.0667,0.09666665,0.2,21.13333,44.99998,1009.033,0,0,0,0,0,-18653.61
"2011-01-12 20:15:00",213,12.0535,250.9,0.08999999,0.2,20.90333,45.46333,1009.063,0,0,0,0,0,-15801.37
"2011-01-12 20:30:00",214,12.0493,271.0667,0.08,0.2,20.7,45.87667,1008.997,0,0,0,0,0,-15440.09
"2011-01-12 20:45:00",215,12.0577,262.2667,0.09999998,0.2,20.52334,46.26334,1008.92,0,0,0,0,0,-16771.13
"2011-01-12 21:00:00",216,12.0535,266.2,0.08,0.2,20.36333,46.59332,1008.847,0,0,0,0,0,-16238.72
"2011-01-12 21:15:00",217,12.05266,293.5333,2.296666,88.4,20.22,46.95,1008.86,0,0,0,0,0,-16790.15
"2011-01-12 21:30:00",218,12.05602,275.2333,0.8300002,88.4,20.05,47.32667,1008.963,0,0,0,0,0,-18653.61
"2011-01-12 21:45:00",219,12.05602,284.4,3.539999,88.4,19.88,47.74334,1009.153,0,0,0,0,0,-17816.96
"2011-01-12 22:00:00",220,12.05686,294.1667,1.616667,88.4,19.73001,48.14334,1009.17,0,0,0,0,0,-18273.32
"2011-01-12 22:15:00",221,12.05518,299.9333,2.026666,88.4,19.57334,48.53332,1009.227,0,0,0,0,0,-16752.12
"2011-01-12 22:30:00",222,12.05518,301.0667,0.09666665,0.2,19.43333,48.88334,1009.32,0,0,0,0,0,-19128.98
"2011-01-12 22:45:00",223,12.05434,293.3333,0.09999998,0.2,19.31,49.21668,1009.317,0,0,0,0,0,-18615.58
"2011-01-12 23:00:00",224,12.05518,307.6667,0.09999998,0.2,19.19,49.51999,1009.374,0,0,0,0,0,-19243.07
"2011-01-12 23:15:00",225,12.05434,300.7,0.09999998,0.2,19.09,49.76668,1009.463,0,0,0,0,0,-17873.99
"2011-01-12 23:30:00",226,12.05602,293.0667,2.44,88.4,19,50.00666,1009.613,0,0,0,0,0,-19033.91
"2011-01-12 23:45:00",227,12.05938,291.2333,0.09999998,0.2,18.90667,50.18334,1009.663,0,0,0,0,0,-18463.46
"2011-01-13 00:00:00",228,12.0535,293.4333,0.09999998,0.2,18.82999,50.38667,1009.73,0,0,0,0,0,-16942.27
"2011-01-13 00:15:00",229,12.0535,295.8667,0.09333332,0.2,18.76667,50.55999,1009.8,0,0,0,0,0,-16961.28
"2011-01-13 00:30:00",230,12.0577,285.7667,0.09999998,0.2,18.66667,50.79667,1009.753,0,0,0,0,0,-15078.81
"2011-01-13 00:45:00",231,12.05686,290.1333,0.09999998,0.2,18.59334,50.96333,1009.777,0,0,0,0,0,-17702.86
"2011-01-13 01:00:00",232,12.05518,297.1667,0.09999998,0.2,18.5,51.20335,1009.807,0,0,0,0,0,-16238.72
"2011-01-13 01:15:00",233,12.05602,294.7667,0.09333332,0.2,18.42,51.38001,1009.76,0,0,0,0,0,-15421.08
"2011-01-13 01:30:00",234,12.05602,301.5333,3.263332,88.4,18.36333,51.52666,1009.7,0,0,0,0,0,-13899.88
"2011-01-13 01:45:00",235,12.05938,298.8,3.763333,88.4,18.27667,51.74668,1009.723,0,0,0,0,0,-16999.31
"2011-01-13 02:00:00",236,12.0577,299.4333,0.08999999,0.2,18.2,51.93,1009.626,0,0,0,0,0,-18558.53
"2011-01-13 02:15:00",237,12.0577,296.2,0.09999998,0.2,18.12,52.09665,1009.577,0,0,0,0,0,-18596.56
"2011-01-13 02:30:00",238,12.05854,296.4667,1.196667,88.4,18.04667,52.29001,1009.58,0,0,0,0,0,-17151.43
"2011-01-13 02:45:00",239,12.05602,305.7333,1.196665,88.4,18,52.46333,1009.507,0,0,0,0,0,-20764.26
"2011-01-13 03:00:00",240,12.05518,324.2333,0.09999998,0.2,17.9,52.65333,1009.47,0,0,0,0,0,-20593.13
"2011-01-13 03:15:00",241,12.05938,306.4333,0.09999998,0.2,17.82999,52.85001,1009.444,0,0,0,0,0,-19128.98
"2011-01-13 03:30:00",242,12.06106,315.8,1.426666,88.4,17.75334,53.03666,1009.42,0,0,0,0,0,-17303.55
"2011-01-13 03:45:00",243,12.05854,318.5333,0.09333332,0.2,17.68334,53.20668,1009.38,0,0,0,0,0,-18330.35
"2011-01-13 04:00:00",244,12.0535,289.1667,0.09666665,0.2,17.6,53.40334,1009.273,0,0,0,0,0,-18805.73
"2011-01-13 04:15:00",245,12.05686,292.7667,0.6933333,88.4,17.52333,53.59666,1009.216,0,0,0,0,0,-17227.49
"2011-01-13 04:30:00",246,12.05854,286.7,1.566666,88.4,17.48667,53.74001,1009.12,0,0,0,0,0,-15744.33
"2011-01-13 04:45:00",247,12.0493,277.2333,0.09666665,0.2,17.4,53.88001,1008.964,0,0,0,0,0,-17227.49
"2011-01-13 05:00:00",248,12.05602,299.1667,2.116666,88.4,17.37333,53.99333,1008.907,0,0,0,0,0,-15059.79
"2011-01-13 05:15:00",249,12.0577,293.4,0.9233337,88.4,17.3,54.12998,1008.95,0,0,0,0,0,-17588.78
"2011-01-13 05:30:00",250,12.0577,282.1667,2.623333,88.4,17.3,54.24335,1008.99,0,0,0,0,0,-17151.43
"2011-01-13 05:45:00",251,12.05854,263.8667,0.4666669,88.4,17.21,54.35001,1008.993,0,0,0,0,0,-15535.17
"2011-01-13 06:00:00",252,12.0577,307.2333,0.09333332,0.2,17.2,54.49334,1008.934,0,0,0,0,0,-18273.31
"2011-01-13 06:15:00",253,12.05686,319.5667,0.09333332,0.2,17.17,54.56332,1008.864,0,0,0,0,0,-15440.09
"2011-01-13 06:30:00",254,12.06106,324.4,1.18,88.4,17.1,54.63998,1008.797,0,0,0,0,0,-14850.63
"2011-01-13 06:45:00",255,12.05686,324.2667,5.08,88.4,17.1,54.70666,1008.723,0,0,0,0,0,-15306.99
"2011-01-13 07:00:00",256,12.05686,263.1333,0.3100001,55.5,17.12334,54.56335,1008.74,0,0,0,0,0,-16124.63
"2011-01-13 07:15:00",257,12.05518,221.0333,0.07666667,0.2,17.41333,53.80666,1008.713,0,0,0,0,0,-18254.29
"2011-01-13 07:30:00",258,12.06022,217.8667,1.243332,88.4,17.95667,52.50666,1008.823,0,0,0,0,0,-15668.27
"2011-01-13 07:45:00",259,12.0577,208.3333,0.08666666,0.2,18.40667,51.74333,1008.977,0,0,0,0,0.3380426,-16695.07
"2011-01-13 08:00:00",260,12.05854,206.8333,0.09999998,0.2,18.74,51.26667,1009.103,0,0,0,0,0,-15078.81
"2011-01-13 08:15:00",261,12.0535,222.7,0.09999998,0.2,19.53334,49.36,1009.16,0,0,0,0,0,-15002.75
"2011-01-13 08:30:00",262,12.0577,216.1333,0.1066666,2.1,20.30999,47.70333,1009.297,0,0,0,0,0,-12968.16
"2011-01-13 08:45:00",263,12.0577,218.7333,0.09999998,0.2,20.93334,47.28666,1009.39,0,0,0,0,0,-12797.02
"2011-01-13 09:00:00",264,12.05602,224.4,0.09999998,0.2,21.57334,46.94667,1009.307,0,0,0,0,0,-13519.59
"2011-01-13 09:15:00",265,12.05518,223.9667,1.399999,88.5,22.21667,46.13667,1009.136,0,0,0,0,0.2535321,-12321.65
"2011-01-13 09:30:00",266,12.0535,222.4,0.09999998,0.2,22.73001,45.34333,1009.173,0,0,0,0,0,-12359.68
"2011-01-13 09:45:00",267,12.05266,225.1,0.09999998,0.2,23.12333,44.69,1009.344,0,0,0,0,0,-14641.47
"2011-01-13 10:00:00",268,12.05098,225,0.09999998,0.3,23.43666,44.15666,1009.45,0,0,0,0,0,-12549.83
"2011-01-13 10:15:00",269,12.05098,221.1667,0.09999998,0.2,23.70667,43.69,1009.623,0,0,0,0,0,-14546.39
"2011-01-13 10:30:00",270,12.00314,224.6333,0.09999998,0.2,23.94666,43.33332,1009.66,0,0,0,0,0,-11009.62
"2011-01-13 10:45:00",271,12.01908,225.0667,0.09999998,0.2,24.16334,43.04667,1009.837,0,0,0,0,0.3802977,-9868.729
"2011-01-13 11:00:00",272,12.03671,226.0667,0.09999998,0.2,24.37333,42.72999,1009.897,0,0,0,0,0.4648086,-12778
"2011-01-13 11:15:00",273,12.02832,224.4,0.09999998,0.2,24.57667,42.44,1009.933,0,0,0,0,0,-11313.86
"2011-01-13 11:30:00",274,12.02412,227.2667,1.043333,56.7,24.76,42.07667,1010.027,0,0,0,0,0.1690211,-11523.02
"2011-01-13 11:45:00",275,12.02328,225.9667,0.09999998,0.2,24.93666,41.87001,1010.176,0,0,0,0,0,-9811.686
"2011-01-13 12:00:00",276,12.04763,221.6667,0.09999998,0.2,25.07,41.75,1010.19,0,0,0,0,0.2112766,-8917.985
"2011-01-13 12:15:00",277,12.05014,"NAN",0.3558143,88.4,"NAN",41.62789,1010.186,"NAN",0,0,0,0,-17170.45
"2011-01-13 12:30:00",278,12.04679,"NAN",0.09999994,0.2,"NAN",41.6,1010.199,"NAN",0,0,0,0,-20536.08
"2011-01-13 12:45:00",279,12.04595,"NAN",0.09999994,0.2,"NAN",41.6,1010.199,"NAN",0,0,0,0.126766,-25955.33
"2011-01-13 13:00:00",280,12.04679,"NAN",0.09999994,0.2,"NAN",41.6,1010.199,"NAN",0,0,0,0,-25194.73
"2011-01-13 13:15:00",281,12.04763,"NAN",0.09999994,0.2,"NAN",41.6,1010.199,"NAN",0,0,0,0,-24871.48
